-5.30361	-10.1731
-3.23511	-5.51372
0.524383	-14.1315
-1.93171	-6.37629
-7.09843	-7.57207
-3.83885	-12.3482
-7.23819	-9.59413
-1.04792	-12.9807
-3.60064	-16.4634
-5.24506	-16.1325
-4.67771	-13.35
-4.91862	-19.2851
-5.08846	-7.59108
-4.90528	-5.98519
-3.36494	-4.24015
-1.93965	-2.47914
-4.02938	-3.90375
-0.86466	-3.32366
-8.10824	-2.8299
-0.590707	-4.59237
-1.62582	-6.63899
-3.27071	-9.40244
-3.318	-7.49249
-2.23916	-11.4641
-4.27454	-8.94499
-2.60824	-7.42141
-9.12536	-10.4809
-3.9527	-17.2435
-5.19128	-10.8594
-6.8278	-10.8334
-5.05262	-11.5024
-0.182244	-18.286
-2.21884	-10.5254
-2.56906	-18.6928
-6.78773	-18.6641
-5.89647	-25.467
-6.91828	-31.7693
-4.81588	-28.5821
-6.85467	-22.9804
-1.50773	-10.2774
2.25299	-15.5205
5.78321	-10.8181
3.51465	-6.94377
-2.7055	-14.9557
0.443871	-12.1726
-2.76171	-10.2857
-3.63512	-13.02
-4.66008	-12.6856
-7.85083	-10.3755
-3.97903	-18.7037
-6.03479	-20.6581
-2.02495	-19.0521
-1.84709	-23.3399
4.61398	-11.406
3.9709	-14.0968
3.2066	-18.477
5.22681	-14.5836
-6.02922	-11.636
-0.642411	-16.6278
0.483762	-11.186
0.710095	-16.9939
-8.64342	-22.6192
-3.98801	-15.7846
-2.83689	-18.5962
1.38076	-25.7686
-2.76783	-33.5823
-5.28434	-29.4357
-10.8393	-29.5767
-13.5734	-30.4207
-12.429	-32.3024
-9.70562	-35.022
-5.05729	-32.7162
-2.89054	-27.2443
-3.62121	-24.2841
-3.04334	-22.0931
-8.68152	-22.589
-9.50774	-25.2574
-5.179	-24.1353
-5.55862	-19.4892
-3.39796	-15.8139
-5.90719	-18.6962
-13.3623	-14.2054
-4.20101	-18.4799
-11.4199	-24.0438
-13.3053	-17.6692
-9.31877	-17.3628
-8.17633	-9.4383
-9.03243	-16.5285
-9.28511	-15.6913
4.5732	-10.1813
2.67506	-16.1817
0.170056	-21.3104
2.70773	-18.548
1.70629	-19.8099
2.14941	-20.0359
3.18473	-22.1963
3.0973	-21.3496
4.18708	-23.3972
-5.57839	-21.1657
-5.58722	-20.2213
-2.9119	-18.972
3.94612	-22.8036
4.33613	-27.1443
3.04117	-26.0245
2.97864	-18.5742
4.08763	-12.8264
3.33433	-19.7632
0.524578	-13.3923
0.191612	-11.0946
1.95819	-12.6442
-11.7589	-18.1866
-10.3113	-14.6201
-7.32043	-20.7845
-1.95985	-26.533
-4.12005	-30.5906
-6.36838	-32.682
-4.25165	-29.2345
4.69878	-23.9382
3.23543	-23.1937
0.500509	-21.9739
6.55724	-25.2717
3.19027	-23.5114
-4.22129	-23.4021
-14.0206	-18.5216
-16.0247	-14.1446
-17.2667	-15.8488
-18.1416	-13.5529
-15.3823	-17.5983
-18.3041	-20.8062
-18.3556	-16.3873
-14.5296	-23.5912
-16.0697	-21.4446
-8.67652	-20.3935
-13.9107	-17.6191
-10.0692	-16.2929
-10.4447	-12.4982
-7.61698	-12.2624
-4.29843	-14.1458
-6.99086	-11.9315
-6.50784	-7.55646
-1.02298	-7.63136
-3.51229	-11.6756
-2.57452	-16.284
-1.8889	-17.03
-8.13755	-18.0433
-7.33155	-17.6526
-5.70638	-17.2063
-6.25013	-12.9388
-3.87871	-21.9304
-0.0670702	-20.796
-0.194111	-11.054
2.79851	-7.11907
2.42722	-6.24349
5.70244	-2.63268
0.0563246	-9.60724
-4.81566	-9.36767
2.04828	-7.07756
0.242393	-9.11074
-0.413568	-5.79056
0.648624	-10.16
0.655959	-20.4704
8.40742	-27.0934
-1.09413	-25.0954
-0.581809	-17.3619
1.96415	-15.5072
6.53975	-6.50877
7.20929	-9.40867
9.91014	-0.173844
9.35594	0.560688
3.69859	3.51047
1.47471	-5.45101
-11.977	-8.7993
-4.1547	-6.54403
-4.35166	-20.8866
-5.54502	-18.8489
-3.35594	-21.8874
-0.0960717	-23.6137
-0.192339	-26.4781
-3.42174	-29.1987
-14.8364	-28.0339
-6.88581	-15.0402
-11.7926	-23.0384
-13.3265	-11.2039
-15.3216	-18.3118
-7.54854	-11.6228
-1.92496	-7.70293
-7.92351	-11.1487
0.252042	-11.5705
-3.29474	-15.1102
-0.237129	-11.3019
-1.95341	-17.2258
6.50285	-9.60583
2.43903	-8.55734
0.738351	-11.8474
-1.92325	-7.78007
-6.28465	-9.68989
1.78288	-1.43946
-5.73054	-9.25656
1.35783	-8.43145
-0.325797	-6.69692
2.52833	0.239686
-1.60556	-6.94959
-3.89697	-4.10641
-0.184638	-5.88659
-0.136288	-6.66749
-9.68397	-9.83345
-6.00965	-6.91979
-7.47129	-9.34623
-4.75205	-5.92327
-7.9076	-1.1844
-10.6491	-9.73108
-16.7166	-5.08756
-15.932	0.00113687
-14.6313	-8.32928
-11.4978	-3.47798
-12.5206	-3.15439
-8.98997	6.05016
-9.16414	-5.77618
-5.92241	0.22262
-7.21414	-4.60065
-3.76546	5.65036
-11.7593	-10.4309
-10.1559	-13.0638
-9.17834	-7.39679
-3.76302	-8.29803
2.75643	-18.3852
0.245904	-22.7247
-1.84292	-25.8518
-7.93049	-21.6228
-10.1387	-18.6162
-10.4411	-17.8829
-7.2618	-13.1279
-4.8152	-15.6543
-5.59145	-14.2384
2.81513	-16.6941
3.75409	-19.1827
-1.48312	-19.081
-5.94627	-25.4177
-0.7961	-18.0186
-0.594427	-21.9464
-1.50375	-21.6418
5.80258	-18.0085
-3.50597	-15.4088
-0.658296	-11.4749
-0.324163	-9.71222
-0.617732	-7.91998
0.668042	-2.79721
-2.93914	-11.006
-3.20956	-12.4123
1.40415	-15.3503
3.58535	-9.72202
-0.518322	-13.9699
-0.121492	-10.531
0.558416	-10.7033
-6.9772	-18.8592
-12.4654	-20.0936
-10.8123	-19.3692
2.63647	-12.6368
-7.92477	-21.6071
-7.56581	-21.2174
-11.9335	-21.8435
-8.25209	-19.7282
-9.34715	-14.1684
-19.342	-23.9757
-19.2702	-23.6392
-18.3211	-20.4212
-12.583	-16.2497
-8.55268	-15.6971
-7.83996	-17.7504
-9.67833	-20.0661
-13.0265	-20.3547
-11.0024	-24.6932
-4.03515	-28.7366
1.92382	-23.7761
1.17665	-23.7004
2.87703	-17.269
4.86846	-22.0692
5.59481	-20.0067
6.24674	-17.26
0.337506	-11.647
-1.87602	-19.3641
-5.40048	-24.725
-5.73243	-23.7067
-3.38526	-19.6711
-3.10101	-14.8559
-3.35354	-8.16578
-2.3102	-4.74386
-4.37905	-10.7179
-8.95532	-14.3389
-3.58513	-9.8293
-9.98838	-7.48888
-10.4531	-10.5567
-4.18568	-8.24725
-5.36375	-5.78084
3.43874	-13.3824
0.890931	-14.8647
4.53834	-16.8354
5.9375	-20.2386
3.72731	-27.7321
3.47127	-24.9784
0.904691	-26.1149
2.08014	-19.7755
5.01995	-11.2327
8.1933	-7.83562
8.78829	-13.2535
-0.785222	-7.7131
-0.23749	-10.7064
0.354737	-7.65598
1.65664	-9.42799
-0.0710794	-9.17698
2.37942	-8.94168
1.94641	-6.38152
-1.52975	-11.8312
0.817613	-10.9199
0.448254	-11.6973
1.37641	-2.01438
-0.194402	-10.0702
4.09752	-4.07513
12.4294	-7.5363
5.27631	-4.12326
8.17672	-6.92642
8.45725	-9.49743
5.40978	-4.84883
6.59429	-9.87025
11.479	-9.63358
6.89665	-8.0065
9.98885	-2.15444
8.92784	-12.5641
-6.79765	-24.3182
-6.47397	-22.8153
-8.27745	-31.8477
-7.50995	-34.5829
-14.4561	-26.1257
-12.9663	-22.6988
-8.91506	-25.039
-5.02834	-29.2388
-7.08028	-34.2601
-12.6199	-22.8474
-1.28062	-25.7865
-5.2412	-23.54
-6.44825	-28.0956
-5.6635	-21.3448
-10.5751	-27.152
-7.05039	-15.4526
-3.7174	-15.728
-5.01892	-17.0093
-0.803718	-7.70443
-0.824613	-21.0512
-0.276232	-19.9635
-3.57565	-15.0676
-3.03469	-10.8722
-6.24052	-8.0689
-1.96817	-16.1934
-2.72133	-12.6851
-0.57342	-13.2561
-2.70734	-19.4173
-6.70594	-13.587
-3.20252	-16.1063
-2.79818	-10.6349
-4.05698	-8.97785
-3.12697	-11.2413
-4.02569	-13.3203
0.917492	-10.5672
-1.82593	-11.9482
-2.29429	-7.66747
-1.70242	-10.5075
1.93349	-12.9395
3.18352	-10.1784
4.01975	-9.01462
2.37055	-9.04235
-0.336328	-8.75844
1.88746	-8.0366
3.26647	-12.8824
0.434873	-14.098
2.37722	-14.0642
-3.2565	-21.5991
5.30578	-14.7532
-6.81374	-14.856
-3.15197	-15.5292
-6.39337	-14.9924
-1.41701	-18.245
-3.19261	-10.5167
3.29944	-10.9018
0.725937	-20.4492
1.38523	-23.4886
4.13535	-18.1272
4.8476	-21.1999
2.59241	-21.2529
5.14529	-16.2246
9.69495	-13.2455
13.5295	-17.3371
6.24895	-13.3521
10.3621	-11.4423
7.57167	-14.3548
4.4508	-19.9835
1.67368	-20.7686
6.3352	-18.3402
7.232	-23.4337
5.59562	-23.7258
5.06563	-22.6897
8.08417	-22.8171
6.01682	-20.4145
7.90025	-21.2422
8.89415	-20.9448
7.20946	-15.8655
11.0497	-14.1145
9.77276	-9.31524
13.3967	-6.83782
9.42515	-7.39926
4.25147	-6.22606
9.20238	-6.98877
0.726947	-8.47373
-2.62463	-8.27456
-8.54551	-15.5643
-1.50642	-6.09593
-2.71969	-5.00963
-5.77581	-5.48167
4.18239	-4.19149
5.75394	-8.64187
14.4635	-4.91235
10.4652	-3.45815
9.42564	-9.55615
7.52711	-6.01326
12.9832	-4.52512
10.5576	-5.27459
6.67326	-6.31201
12.8588	-6.92267
14.0018	-3.23231
10.2283	-9.14846
13.9499	-4.98013
11.1169	-5.4378
10.5777	-6.41394
16.1932	-7.10005
8.33557	-5.56592
12.4981	-6.73828
8.01388	-4.16485
8.18776	-7.18059
10.2467	-4.41664
15.9494	-2.89911
4.49294	-6.66807
-1.04645	-1.32722
-6.95221	-12.445
-5.54232	-12.1497
-3.90437	-16.1761
2.42562	-23.2095
0.748578	-21.9238
4.20633	-18.5927
3.33894	-21.9095
1.2449	-20.63
1.15745	-12.9092
9.04963	-8.05619
9.94286	-11.2114
12.5266	-11.237
11.0569	-10.5708
2.21568	-14.4718
-15.034	-13.3228
-8.17232	-10.6884
-9.51615	-9.15436
-7.70557	-7.95976
-8.18177	-9.15495
-8.76597	-12.5228
-3.04172	-9.70789
-15.1506	-18.9921
-5.75652	-13.9013
-0.498953	-5.07742
-2.52652	-2.48337
-5.22897	-6.00946
-3.35851	-7.46052
-1.75635	-9.18709
0.872099	-28.2427
-2.2857	-27.3259
1.56175	-18.3627
5.1569	-15.3422
6.29506	-19.4924
6.77372	-21.0828
5.63569	-22.4585
7.72825	-23.8404
6.16202	-23.0503
6.62914	-20.7791
6.50658	-18.6847
14.1488	-6.97489
4.85963	-13.3726
-7.94505	-7.70574
-10.9785	-1.67603
-12.3159	-7.00955
-4.41726	-9.35864
-3.59151	-3.83244
0.986034	-4.38226
1.1947	-7.63712
-0.620441	-5.66021
1.73188	-11.6163
0.224956	-11.0895
-8.47129	-14.4903
4.16152	-19.3978
8.20865	-18.1974
-4.45473	-22.3916
-0.539881	-26.9722
-4.30981	-20.3053
-6.32269	-24.3128
-3.44081	-17.368
-7.65779	-30.2115
-2.32053	-18.571
-4.20094	-20.46
-2.29563	-15.2757
1.58681	-8.41856
-2.57175	-19.9678
9.28635	-16.5094
5.21043	-16.0785
6.81317	-28.0497
9.49568	-5.83363
3.4201	-21.9125
6.80341	-18.5384
1.80114	-22.1217
1.75001	-14.5972
3.53423	-23.9824
5.97969	-20.3013
2.39054	-23.3137
3.59304	-16.8616
1.8334	-14.9396
-8.35947	-8.95341
-16.0638	-12.5575
-13.3445	-12.0816
-16.7385	-11.4868
-12.1445	-12.8532
-12.5525	-7.81583
-13.8967	-7.92579
-10.7728	-11.7646
-17.7083	-7.86994
-15.0089	-4.87733
-14.2354	-11.5891
-14.6116	-11.2117
-8.8986	-6.19244
-8.06743	-3.37322
-7.33927	-11.0958
-10.6595	-4.4554
-9.19456	-5.97707
0.354493	-17.6116
2.0768	-14.6786
-0.518107	-18.5328
0.101489	-15.3429
-4.21792	-17.2794
-2.56242	-17.5904
-3.80349	-23.911
-0.423575	-18.5575
-3.64151	-16.1176
-8.78704	-18.3669
-4.05255	-21.4205
-0.195671	-16.5141
-5.80934	-15.9237
-9.38003	-17.5922
-0.369854	-16.94
-3.88763	-17.4729
-6.31973	-19.118
2.01774	-13.8918
-2.86385	-12.9795
-1.36227	-12.2506
-2.2757	-10.1252
-8.37885	-11.9805
-3.84228	-14.7604
-0.587972	-5.78378
4.21424	-12.1086
0.826507	-13.4976
-1.09564	-7.3293
-3.37287	-12.8655
2.29719	-18.0362
-1.28628	-14.5151
0.128074	-5.28473
-2.20186	-7.84954
-1.24787	-15.772
-1.95987	-2.57423
7.23754	-8.03634
5.18316	-8.51719
7.48676	-13.0584
8.2239	-15.8688
4.94782	-19.1692
7.06439	-21.2379
6.97738	-19.8998
1.42788	-18.8249
-2.13819	-13.8679
2.58873	-21.5709
0.753138	-25.4739
2.04176	-24.3753
2.68409	-22.0121
0.691237	-21.6815
-0.664671	-17.4569
1.77592	-19.2534
-1.04876	-22.3246
2.39212	-21.7391
2.24156	-27.5525
-3.63279	-35.2765
-4.16678	-32.2753
-6.58951	-37.871
-8.4659	-33.3719
-8.40509	-25.6602
-9.08463	-18.295
-9.87901	-15.996
-12.5825	-22.2266
-8.84712	-16.2913
-7.35374	-12.5083
-10.0979	-12.3373
-10.9702	-6.31835
-9.86542	-5.83632
-9.64142	-12.18
-13.4215	-5.03423
-7.66372	-11.4436
-10.2127	-13.8341
-10.131	-6.16961
-7.5448	-10.1057
-10.6632	-11.1321
-4.61438	-9.18796
-13.6595	-8.54732
-7.07386	-10.6991
-11.516	-11.7051
-15.2546	-13.5703
-16.2712	-14.0177
-21.3484	-21.835
-19.4834	-22.8686
-14.0434	-24.2912
-10.693	-10.5933
-6.27987	-9.71672
-8.0784	-12.4715
-4.45122	-16.6644
3.61148	-10.8591
-0.768488	-14.7793
-3.49457	-13.179
-4.54774	-15.1875
2.4423	-11.1006
-5.32466	-11.5128
3.74106	-9.91289
-8.57825	-16.7053
-16.4048	-16.9452
-10.9967	-12.926
-5.48391	-11.6922
-0.880795	-13.191
-0.0906819	-13.502
2.4548	-16.591
1.97057	-18.027
4.22367	-15.1934
6.16313	-17.9417
2.95845	-23.4117
-3.40084	-18.3291
-3.12187	-12.4191
-2.98742	-12.0358
-4.24298	-19.8722
-8.41253	-20.7161
-7.37541	-18.5963
-6.75667	-16.5376
-2.79458	-14.1402
-1.40145	-10.7645
-3.1717	-12.589
-0.527295	-11.7564
1.78523	-12.2922
-0.509484	-18.7419
4.00482	-10.1938
1.49863	-10.4107
5.38088	-9.46465
3.4469	-10.1039
6.88005	-9.62505
9.30615	-13.007
1.59454	-12.947
-4.62125	-18.0055
-5.02703	-14.5681
2.61745	-11.3438
-5.68513	-16.8393
2.29379	-2.98043
-11.6211	-12.3716
-6.64541	-2.20515
-8.42788	-6.13145
-7.73772	-7.52334
-0.321834	0.979203
-5.05182	-9.8601
0.249128	-9.31443
7.77357	-8.98574
-1.09411	-22.4067
0.584152	-24.9603
-4.12119	-16.8975
-3.09417	-13.4354
-1.32288	-10.9037
0.92386	-5.02111
-2.03758	-7.29192
-6.27146	-14.0236
-7.41718	-12.9718
-5.36386	-10.0609
-4.18394	-10.0163
1.47015	-10.587
0.549482	-10.7387
1.82827	-10.5715
4.65739	-9.60689
8.79901	-13.7847
5.51875	-17.4539
10.7465	-18.6173
1.39058	-11.2483
6.47764	-13.9068
2.12375	-12.8822
4.68851	-17.7561
4.52295	-14.147
1.74758	-22.1928
-4.19713	-14.6091
-3.02666	-10.9023
-1.84268	-11.8077
-3.53603	-10.4679
-6.99936	-13.1527
-10.8412	-16.7085
-1.44855	-16.2447
-5.03845	-10.5048
-8.50516	-7.6768
-1.03125	-11.0543
0.393995	-6.77208
-2.59592	-8.83904
-2.48568	-12.731
-2.54784	-11.4859
-13.7753	-11.1004
-16.3555	-6.9322
-17.7759	-10.7001
-16.8702	-10.1198
-5.29284	-13.3297
-1.88596	-11.3686
-1.36704	-12.2029
2.12864	-9.86932
0.949073	-15.2502
2.06588	-12.3718
4.38517	-4.75556
4.83729	-9.9509
-1.66836	1.46125
2.72147	-4.19378
-2.95633	-17.3663
-7.07821	-16.2593
-2.05463	-16.7092
-4.15768	-11.4628
-8.23531	-12.8006
-4.66114	-6.76164
-10.5292	-13.4146
-10.1209	-7.60274
-12.4269	-7.4572
-9.54689	-8.37913
-7.43988	-7.95204
-6.84168	-11.6261
-12.2808	-17.1127
-7.86001	-24.8206
-6.12656	-28.7481
-5.75692	-25.561
-3.34785	-20.4922
2.62765	-10.5252
0.435907	-18.181
-6.30141	-17.6891
-2.32997	-14.8313
0.649419	-9.27745
4.77879	-2.73848
0.637701	-8.28118
-4.36974	-13.5681
-8.80633	-16.641
-8.25586	-22.08
-8.12517	-18.7075
-2.34203	-15.0733
3.91884	-13.0882
8.31183	-20.3022
8.71153	-19.4255
6.63479	-16.6718
6.30113	-13.6794
9.68053	-15.8855
5.08103	-16.3076
4.98364	-21.1869
2.159	-24.6682
2.23352	-27.099
3.28348	-16.1275
-1.39768	-24.4052
2.82443	-20.6997
5.52584	-14.6039
4.29076	-15.3823
2.37093	-14.1204
4.08088	-12.9736
0.1673	-19.3925
5.26909	-16.8257
-7.01037	-14.4546
-3.51297	-9.05902
-11.4047	-24.1288
-1.34831	-17.513
0.706254	-11.7017
-9.95851	-16.8344
-3.27842	-12.8889
-3.03478	-12.907
-6.72101	-8.7471
-5.05085	-10.3008
-5.05285	-9.73253
-2.88341	-8.67105
0.335729	-13.7422
-4.81927	-10.0207
-6.72428	-12.3421
0.74353	-10.3772
-0.914649	-7.95256
-2.68742	-13.0601
-3.57725	-11.6557
-2.83489	-5.58996
5.082	-3.4326
-1.50091	-8.38826
-6.14842	-7.93272
-2.11342	-7.09267
-2.7973	-10.2902
-1.91278	-7.89127
-0.166562	-8.53734
-1.42589	-9.32975
-2.86498	-11.4219
-13.4898	-10.4445
-9.15551	-17.0572
-10.9975	-13.4116
-15.775	-16.8048
-16.0113	-16.6985
-4.86088	-9.53044
-5.89633	-19.6887
-2.94075	-13.325
4.87759	-11.9292
-1.57939	-26.2545
-2.87882	-27.0847
-1.54235	-30.037
-1.94901	-30.8802
-1.53113	-32.0014
-1.71134	-36.6149
-1.87823	-35.5953
-2.17795	-35.8827
-4.57766	-34.958
0.186246	-29.6791
-4.49373	-23.0114
-4.66049	-25.6101
-5.06456	-21.5988
-4.50846	-17.1558
-9.24832	-9.89172
-12.1184	-13.3928
-9.62828	-14.0668
-3.05355	-8.08028
-5.46189	-9.69269
0.484265	-12.9101
-4.19085	-11.9375
-7.00965	-13.3729
-0.420026	-17.0204
-8.24725	-18.6409
-6.52073	-24.784
-11.2017	-26.0316
-12.5745	-20.1396
-10.9128	-21.4263
-8.89861	-20.2813
-6.45796	-19.4041
-9.13347	-20.2121
-7.18975	-25.0447
-5.76601	-11.7709
3.06535	-12.192
-0.157078	-11.9736
5.31657	-13.1548
3.3993	-14.0379
3.77589	-21.7089
4.42082	-20.7918
5.2396	-17.5317
-1.93541	-16.6907
-1.86864	-13.5011
-3.5076	-12.4678
1.7058	-15.1146
3.74494	-20.3495
3.27159	-15.4636
6.31311	-18.4181
3.76957	-20.3016
1.78419	-21.0296
-1.66903	-13.7377
-5.20648	-8.85194
-4.76029	-5.46609
-7.23522	-6.09342
-2.64455	-8.8472
5.08033	-16.422
-1.05962	-10.9778
-1.67454	-9.1215
4.3864	-3.44897
3.87364	1.4073
-0.748625	-0.962709
-1.78247	-16.5929
-12.0399	-16.3597
-10.0161	-21.5982
-2.42731	-14.6952
-2.45309	-13.5712
-2.26714	-6.49866
-19.4994	-10.2865
-15.7653	-6.88822
-20.4366	-13.8903
-14.9148	-18.2205
-1.98089	-16.8435
3.13101	-7.71456
-5.61825	-11.8367
-5.2478	-10.1643
-5.16526	-15.6409
-1.99287	-10.4283
-3.98086	-9.84244
-14.0821	-11.5715
-3.67025	-21.2188
-5.00014	-14.6194
-6.08924	-17.0226
-4.26647	-21.361
-2.19531	-23.2542
-4.47036	-16.5329
-6.14804	-14.2589
-5.31035	-13.7838
-10.3459	-14.9873
-6.49952	-13.7543
-4.68586	-15.8201
-8.08854	-14.1845
-8.20335	-10.9549
-11.8852	-11.6301
-15.2492	-13.9221
-12.9197	-21.2016
-4.32126	-12.1701
-12.1225	-13.6997
-9.73498	-11.4526
-8.59762	-6.59531
-9.24941	-10.5092
-18.0775	-16.7938
-0.342925	-19.539
-4.99031	-25.5517
-1.92523	-14.7451
-3.13072	-18.5252
-5.43316	-28.2197
-6.70716	-21.8988
-15.0252	-24.4967
-13.1507	-21.9431
-9.30331	-18.3273
-16.8283	-20.5332
-16.7391	-22.4313
-11.9946	-15.6758
-19.7526	-21.3239
-14.2131	-25.7135
-9.11086	-16.872
-18.019	-23.2317
-10.1519	-15.7461
-21.7711	-20.8318
-12.8693	-14.0653
-20.6179	-18.4171
-14.0257	-10.7736
-10.756	-6.25585
-13.1902	-5.76407
-4.1463	-0.863945
-10.6146	-13.2839
-5.51432	0.379951
-0.354507	1.35338
-4.36552	-11.0977
-1.92842	-4.0911
-3.75176	-7.74752
-9.06874	-14.7436
3.55829	-14.3439
0.167224	-0.698256
1.56813	-7.52783
1.18919	-4.37086
-3.286	-6.12709
3.90991	-4.96033
-3.15654	-0.638925
-8.83399	-9.32963
-6.15391	-12.8521
-3.32853	-7.4503
-2.99768	-9.41949
-10.2256	-13.8663
-5.73641	-16.0337
-10.3773	-13.2898
-8.72295	-13.1521
-11.3183	-18.0697
-9.46896	-13.2397
-8.52311	-14.0331
-2.94506	-13.3364
-10.2324	-19.6011
-7.9499	-16.6529
-4.99885	-19.9187
-13.5092	-18.6949
-10.4058	-12.179
-11.405	-11.6974
-7.00959	-11.2028
-7.95032	-16.6527
-10.4894	-11.6162
-5.75633	-15.9441
-13.2357	-20.762
-7.46713	-16.9537
-7.61018	-18.9853
-10.2265	-11.4479
-5.62784	-15.9169
-8.49656	-11.5127
-4.13995	-8.71174
-0.324641	-12.4454
-4.33197	-9.32086
3.20399	-9.14223
-1.21451	-1.46074
-4.10462	-4.76208
-3.77519	-3.21753
-1.54259	-4.91476
0.599991	-7.27216
-1.44401	-9.54194
-0.99105	-1.72598
-8.34166	-24.1301
-1.98343	-26.8987
-6.46956	-25.064
-9.4228	-28.4979
-11.3343	-32.0057
-12.7188	-25.9623
-9.48098	-24.9457
-6.91096	-15.3913
-3.32067	-15.9241
-2.22818	-15.9266
1.73737	-18.1711
4.69892	-14.4391
-1.73194	-20.8067
-0.907285	-25.6114
-4.43401	-24.0215
-6.4943	-22.0182
-3.97572	-21.5423
-1.20282	-17.8992
1.18684	-19.5703
-0.344603	-15.9769
-1.21449	-19.5008
-4.03666	-21.2774
-1.42372	-18.4487
-2.35958	-16.3908
-0.294261	-15.9991
1.48187	-13.6506
-12.0227	-10.9937
-11.2854	-13.286
-15.4073	-10.9226
-18.3012	-13.0096
-24.7881	-6.78124
-20.3464	-11.1352
-16.9402	-8.70669
-19.7298	-15.9474
-20.5886	-9.90701
-21.8259	-11.4723
-16.8256	-13.2351
-18.5925	-13.4266
-12.1592	-12.3685
-7.20809	-10.9533
-7.03167	-7.60539
-6.44092	-8.23847
-2.72218	-8.62051
-5.13717	-17.3009
-0.594953	-6.14878
1.01868	-12.6068
0.155763	-8.70553
-0.999118	-11.8216
0.849488	-9.19215
5.70658	-12.8129
6.80966	-14.7456
3.80116	-11.2445
7.51583	-12.5026
7.62842	-14.143
4.11547	-13.9456
4.74725	-12.2372
1.27381	-8.22197
-4.60836	-9.68822
-6.08665	-10.1848
-8.25409	-12.2108
-11.0822	-7.53935
-7.83071	-2.75899
-5.79305	-4.62358
-13.7177	-4.81238
-13.7614	-4.15706
-9.27218	2.28587
-16.0541	-0.940353
-19.1318	-13.4547
-7.56952	-5.00636
-10.4545	-4.50764
-8.01631	3.58178
-6.1938	-12.0217
-3.11271	-14.446
-3.38335	-13.7747
-2.27276	-11.9644
-2.73228	-13.358
0.70177	-20.4013
-3.31454	-19.145
-1.99613	-20.7308
0.415768	-21.5263
1.45239	-18.1471
-2.96841	-18.2908
-2.58254	-16.6107
-4.74801	-16.4237
-8.59196	-21.62
-8.29089	-20.4264
-7.46849	-16.2336
-7.19122	-15.7051
-6.92648	-18.569
-8.22221	-22.5745
-2.76782	-14.9467
-3.9685	-13.7212
-1.9938	-15.3328
0.514139	-16.0701
1.05568	-20.0623
2.52452	-11.5738
-1.67863	-18.6026
-4.85141	-9.62278
-7.4332	-16.3609
-2.03657	-20.2145
-6.1772	-23.2958
-7.0288	-17.507
-1.722	-16.9651
-3.03771	-23.4908
-6.95522	-16.3392
-10.841	-12.6856
-19.5717	-17.467
-17.1953	-11.5822
-17.0593	-22.2629
-18.6142	-12.5816
-15.9676	-11.5124
-20.1117	-22.3416
-3.36758	-15.8787
-7.23832	-14.5531
-4.30308	-15.1803
2.02914	-9.92893
-4.41956	-14.6021
2.41517	-18.8985
-1.64904	-14.6159
-0.495623	-15.4073
1.79378	-10.8473
0.263609	-12.2666
2.9297	-9.70978
0.367696	-10.3879
1.3232	-8.61475
1.10904	-5.84792
-7.72356	-17.7755
-9.73818	-12.334
-8.91605	-2.41693
-18.5533	-4.86177
-17.4706	-4.36987
-18.4631	-5.74254
-26.8527	-4.11896
-17.5419	-0.725213
-19.7728	-1.23452
-12.7093	1.51596
-2.95101	-13.0908
-4.39085	-19.2355
-7.39508	-18.4473
-7.72751	-20.8882
-7.71877	-22.3125
-10.0016	-24.1056
-7.3261	-23.8785
-6.79839	-23.9792
-2.00178	-16.1127
-4.46957	-16.5132
3.3229	-12.4047
0.999503	-15.8218
3.81737	-10.7042
1.97204	-8.01269
4.25424	-9.59977
7.80506	-14.3021
-0.130409	-19.5142
-0.861872	-23.8412
2.94591	-24.7064
1.7811	-18.1436
2.14125	-13.4378
3.65223	-19.6856
4.73373	-13.6227
4.67902	-19.0224
-2.99279	-15.8792
-1.20197	-18.7282
5.6128	-13.5023
3.97308	-15.1835
4.11699	-15.1863
-7.98214	-12.3019
-14.8764	-23.3479
-9.40703	-22.5339
-1.26125	-10.1633
1.56336	-19.8717
-6.91705	-24.7836
-6.67285	-23.3785
-6.57889	-24.5506
-9.13114	-26.4743
-4.25999	-29.1338
-4.12866	-21.4645
-1.18022	-14.7738
-2.20597	-16.9137
3.32289	-14.349
6.6595	-15.4375
3.89059	-10.8598
0.0943238	-14.338
-13.3886	-14.0523
-19.8414	-16.1904
-20.2997	-15.4141
-20.524	-11.7697
-24.5733	-8.9771
-22.5703	-8.90805
-18.9217	-13.584
-21.4771	-11.9925
-22.1696	-13.8792
-22.8379	-9.76976
-15.5661	-12.5435
-13.2216	-21.8679
-17.1857	-18.1256
-19.1507	-22.7949
-15.739	-20.5875
-12.8236	-14.0751
-15.1533	-14.4876
-13.1881	-19.1225
-8.3249	-19.3704
-6.783	-12.2636
-5.88735	-15.1852
-2.97564	-11.4537
-2.96633	-18.2208
-1.94355	-15.1218
-2.35409	-11.0365
0.21098	-12.6189
1.09936	-13.5538
1.67281	-15.8355
6.97502	-22.8963
7.57413	-19.1572
8.43716	-18.8297
0.307827	-15.7747
0.569682	-21.2467
5.38432	-10.5267
6.98158	-11.0637
2.35692	-15.5741
7.82994	-19.143
2.53038	-19.7829
4.72649	-27.3469
-0.799163	-24.8228
-2.96357	-17.0963
-11.7295	-15.2742
-14.0968	-16.0849
-14.9804	-15.4603
-15.6547	-14.7715
-12.2341	-11.247
-13.8792	-13.2995
-18.5804	-15.5887
-20.1952	-9.95953
-17.1865	-11.303
-12.9371	-10.6246
-13.7779	-11.8517
-12.1114	-19.1621
-14.0675	-15.7931
-10.7462	-15.3333
-7.98114	-14.8478
-2.71338	-20.9207
-1.18505	-21.3507
-3.68314	-12.473
-0.936602	-16.9652
-6.13892	-18.5363
-8.71489	-19.2789
-6.18619	-28.9833
-8.49722	-34.8145
-9.67964	-34.6505
-11.9543	-27.1922
-12.4158	-22.7622
-12.3302	-27.7469
-13.7197	-27.2602
-6.60372	-24.0004
-11.7133	-25.052
-10.0923	-25.1297
-8.06402	-28.5659
-7.2802	-22.1669
2.03095	-13.3565
-2.63834	-16.1475
-10.7616	-18.4072
-8.36678	-14.2163
-8.4184	-12.3602
-4.71856	-17.5097
-1.5481	-16.3118
-1.90122	-12.7248
-4.26282	-15.4765
6.33525	-5.13385
3.50927	-16.495
4.49894	-11.82
2.92513	-15.8174
5.79179	-11.4941
3.66504	-12.4381
2.15469	-11.6508
4.20333	-14.8862
1.20876	-12.5413
2.91094	-8.96514
-2.43443	-3.07401
2.78608	-5.51919
7.55477	-6.96886
7.41212	-1.91365
5.06404	2.03187
-0.49602	1.98411
-21.2704	-9.74677
-15.6132	-8.52463
-16.8969	-6.9825
-18.3099	-2.9285
-16.4515	-7.96645
-15.1963	-8.80179
-12.4425	-7.34819
-15.0202	-3.31166
-16.6537	-4.30427
-16.7188	-5.38584
-16.9222	-9.55783
-13.6792	-5.42916
-11.7275	-4.74112
-12.1817	-3.9359
-14.9576	-4.35278
-9.87285	-9.2003
-13.5874	-6.94037
-16.6697	-11.4136
-12.62	-12.5629
-9.50381	-11.9356
-5.38314	-18.4424
-1.64761	-16.8666
0.24927	-7.40491
-0.658912	-15.7457
0.418926	-26.9431
-4.5433	-27.8412
-4.56653	-25.735
-6.34753	-18.1532
-2.22829	-28.0239
3.91726	-17.5502
-1.11542	-25.589
-2.58276	-19.6323
2.52245	-9.6972
1.23988	-9.89759
-1.07282	-15.3653
4.8907	-10.4892
6.08788	-14.8846
4.87061	-14.1423
5.36103	-11.8299
2.81861	-12.7537
7.31383	-10.3042
3.11785	-11.3181
-16.4125	-1.15277
-4.22819	-2.16136
-12.7852	-7.02301
-7.05118	-3.77003
-2.19644	-9.02062
0.747095	6.85199
0.735376	-8.82968
3.34205	-2.79154
1.12092	-1.61499
2.05324	-0.85303
-1.81194	-6.60915
-0.0676598	-1.05885
4.88901	-10.3051
5.30874	-1.84972
-0.626925	-6.43954
0.507122	-9.76814
-4.91188	-9.65797
-1.99864	-9.46871
-1.84435	-8.73357
0.502422	-15.3223
-3.54078	-10.4615
-5.48372	-14.1027
-6.14938	-10.2523
-13.7122	-13.8755
-9.64886	-12.1554
-9.58858	-8.77267
-5.34655	-9.02355
-9.80379	-7.48383
-6.64261	-17.0642
-10.7288	-14.2447
-4.71611	-17.1601
-4.95936	-11.0111
-5.42889	-15.4996
-4.36854	-6.1022
-3.85623	-13.2291
-8.93224	-16.9724
-8.4468	-9.66653
-12.6504	-14.6878
-9.60508	-11.8832
-10.9183	-17.087
-9.08359	-10.4132
-11.9822	-12.5534
-6.21069	-5.75203
-4.3012	-9.30616
-7.32194	-9.30644
2.96569	-4.94878
-4.79486	-4.51383
-1.09734	-7.3658
0.415086	-8.45449
-1.07122	-11.0903
-0.683893	-11.8149
7.9238	-10.6142
5.95068	-11.2837
3.82226	-9.46967
5.34614	-1.19761
2.93198	-3.9973
3.43177	-4.55384
2.51423	-3.42203
1.8412	-6.07331
-3.23837	-4.93722
-18.5221	-15.765
-18.094	-13.6816
-13.9069	-17.0855
-15.2504	-17.494
-10.154	-21.8664
-3.64386	-12.0185
-7.73068	-13.7699
-7.08695	-16.2863
-10.4965	-11.5535
-13.6743	-12.9632
-17.2305	-10.5306
-22.8659	-11.1213
-16.287	-9.82665
-11.8656	-11.5891
-9.85882	-17.2745
-3.12531	-6.86694
-7.80143	-19.6183
-12.1867	-12.1441
-11.5456	-19.7683
-6.71628	-10.7351
0.896969	-11.8
-5.52771	-18.6002
-4.26679	-22.5465
-2.04482	-10.3716
-5.88511	-20.3106
-8.70755	-23.1712
-6.9036	-21.9696
-9.90638	-16.2179
-10.7879	-14.8411
-11.886	-14.4048
-10.6002	-17.1486
-12.0795	-15.4263
-14.8736	-14.5664
-8.93381	-12.2978
-2.91423	-7.4066
1.66278	-6.03277
-0.551904	-19.3381
-5.55645	-24.3061
-4.66838	-19.3267
-10.1474	-17.9457
-8.31583	-20.4315
-8.75712	-20.5753
-4.41242	-19.5559
-1.50963	-16.9879
4.14985	-14.6377
-3.53056	-11.3381
-1.22116	-14.3625
-2.84898	-16.0577
-5.10854	-20.215
-0.178928	-9.69353
-6.45962	-27.4939
-4.721	-6.93056
-0.94351	-9.33822
-15.3617	-18.2685
-15.8261	-20.0346
-15.8875	-19.1497
-16.1045	-17.3944
-16.4511	-21.334
-7.66658	-11.2593
2.9362	-9.82371
3.32386	-6.98028
1.60092	-13.8426
5.68966	-12.5497
6.10697	-13.279
2.88406	-15.0442
-9.9899	-12.2843
-12.1744	-9.10792
-15.9994	-9.04496
-18.8287	-8.42984
-17.9554	-13.6446
-20.8408	-22.4845
-12.1983	-23.1091
-5.15076	-12.9213
-4.72034	-15.251
0.0490921	-11.3036
-4.76761	-16.6031
-9.57926	-12.3496
-11.747	-18.2685
-3.91659	-11.4817
-2.62704	-11.8086
3.77476	-15.3676
0.867969	-10.1389
-1.55741	-9.37682
-18.6854	-15.8198
-19.3588	-12.8428
-20.4265	-13.1776
-21.6288	-10.3005
-17.5918	-14.4118
-13.519	-15.6381
-16.8116	-11.0847
-12.5642	-19.2033
-13.7878	-20.0112
-13.8346	-18.597
-11.5423	-16.9616
-9.93476	-17.8812
-10.8428	-17.317
-12.5797	-11.24
-11.8631	-10.1933
-12.7603	-10.4784
-9.45679	-10.9663
-7.77476	-14.1978
-15.0627	-10.6547
-10.9782	-21.4998
-12.2163	-24.442
-10.8105	-23.554
-14.766	-23.7527
-12.428	-21.6213
-6.86347	-14.7285
-12.2772	-13.3002
-13.2856	-11.1637
-13.3359	-8.63629
-5.08038	-6.68001
-6.80536	-8.22085
-2.00058	-2.65224
-7.58745	-8.68817
-2.85006	-2.72992
-8.08612	-21.9228
-7.08014	-22.2383
-8.45737	-20.5289
-7.8407	-22.8679
-10.0764	-24.4802
-11.1374	-26.8911
-10.5865	-29.563
-9.82671	-22.9487
-8.46651	-21.7031
-6.9063	-22.2783
-8.03133	-17.5864
-5.18025	-16.6437
-11.5129	-17.2629
-8.63337	-20.2238
-13.5331	-20.2418
-16.2523	-19.4735
-9.24923	-15.3485
-5.73393	-11.9555
-9.49489	-15.4456
-9.46782	-6.60425
-9.95114	-14.3299
-10.7945	-8.00871
-9.79515	-15.0145
-7.01392	-22.0715
-8.83025	-27.4024
-12.7696	-18.6288
-7.8811	-23.4613
-9.40288	-28.0815
-12.016	-12.6828
-9.93317	-24.797
-13.7172	-16.3134
-7.39334	-14.6158
-17.9416	-25.4156
-13.1485	-17.587
-9.57403	-13.7861
-14.104	-22.3625
-7.28049	-14.191
-15.7793	-25.7577
-4.9329	-22.6447
-13.5057	-22.2062
-0.343136	-14.0012
-8.38297	-13.5144
0.670106	-15.9465
-8.31888	-18.098
-9.5531	-12.8971
-7.77146	-12.468
-4.95057	-5.4098
-10.6398	-10.6405
-13.4217	-9.81682
-9.88401	-13.4906
-8.85613	-16.1634
-4.82778	-7.38378
-9.27465	-13.9149
-3.56888	-8.76156
-4.20614	-7.53876
-1.24115	-5.84244
-5.21097	-3.01829
-0.629415	-8.92347
-5.3507	-16.2237
-1.45692	-14.7538
-7.61296	-15.1633
-5.88808	-15.5201
-5.61722	-15.7348
-4.80136	-13.4341
-8.73024	-14.456
-2.0149	-16.1539
-5.0974	-8.84883
-5.4732	-15.1673
-12.4597	-17.3519
-7.61532	-17.351
-9.19449	-10.9631
-6.37964	-17.7314
-9.49366	-15.1958
-8.18087	-8.10272
-4.1929	-6.26801
-7.13784	-15.3259
-6.0022	-9.73565
-6.29385	-16.1713
-3.2175	-6.0052
-5.60753	-6.62904
-2.781	-2.90812
-3.97079	-0.591694
-2.27085	-9.57354
-0.857798	-7.46078
0.594507	-8.58849
2.19545	-8.16458
2.81059	2.0432
-1.52982	-9.42234
2.94175	-16.4963
3.04225	-14.7271
1.76272	-8.84687
-6.52978	-9.26554
-11.3875	-9.15167
-16.3182	-9.55906
-18.5808	-12.5785
-17.2149	-14.6947
-11.5057	-14.2601
-6.09754	-3.72924
-8.59225	-7.69334
-13.1551	-5.09714
-10.056	-3.69668
-15.4118	-8.48575
-11.1636	-9.64972
-7.2084	-13.7804
-5.74557	-18.1727
-11.677	-16.6921
-13.727	-18.5147
-16.0033	-18.0076
-13.7489	-16.632
-4.37891	-16.7559
-2.12575	-15.4658
-0.505538	-12.5493
-2.5649	-12.5804
-3.23212	-11.1521
-3.84565	-11.108
0.192152	-11.7802
2.65627	-14.8881
1.3081	-9.44527
-1.44216	-15.6545
-2.80816	-25.0002
-8.77635	-18.918
-8.50794	-18.5471
-8.65362	-16.2179
-6.82185	-18.6847
-5.8568	-20.988
-4.98957	-22.2867
-2.76684	-23.8564
-4.71901	-24.3475
-5.26884	-25.3336
-4.98646	-21.3395
-2.41134	-26.1197
-2.50841	-23.205
-4.72399	-24.7649
-6.59736	-25.5493
-8.46107	-23.2566
-3.98654	-18.4926
-4.42584	-10.5691
-8.92868	-11.5044
4.75206	-11.5119
3.10612	-5.05241
-0.319375	0.19409
6.27272	5.89391
-1.1909	-5.33954
-2.17915	-4.93434
1.08147	-7.73574
-3.0653	-6.5559
-4.13568	-3.77185
-12.3818	-1.72675
-8.99108	-7.48194
-10.8932	-5.55485
-12.0829	-3.79501
-8.02234	-7.5
-5.75038	-8.90586
-11.8197	-11.2046
-10.1202	-11.3715
-4.70655	-7.30189
-12.266	-17.1536
-12.9468	-16.8614
-9.47497	-14.6144
-4.21338	-13.9913
-9.20308	-14.7164
-7.53953	-16.9624
-3.26052	-4.77153
-4.02475	-14.7196
-5.99221	-24.325
-4.30399	-18.3655
-7.94349	-20.3835
-5.34645	-12.0608
-4.64841	-11.7191
-2.15177	-6.63876
-5.07498	-13.7884
-5.04737	-7.9689
-2.35182	-11.8332
-6.13546	-17.8333
-7.28732	-19.4219
-6.39471	-14.0949
-6.98539	-3.88744
-6.86983	-12.7882
-7.93428	-7.83869
-10.1711	-3.01234
-12.1044	-5.84969
-13.8102	-6.0527
-11.9848	-3.60105
-12.5601	-3.21386
-14.1806	-5.70444
-8.19109	-17.9076
-13.6395	-20.0278
-11.8296	-20.0632
-8.95243	-28.0403
-3.16513	-21.3556
1.52809	-15.2016
4.06004	-13.3709
4.13027	-9.05585
7.46702	-8.84704
-8.93421	-9.87109
-5.11716	-12.5433
-12.0822	-7.41763
-10.6316	-1.00488
-8.51543	-12.4907
-15.6664	-13.6444
-24.0251	-6.27621
-18.5109	-10.597
-13.4055	-14.694
-10.3015	-14.9811
-10.3241	-13.4293
-8.41396	-7.95804
-8.56813	-5.81173
-1.52734	-4.11821
-3.85639	-7.42729
-0.522521	-15.4299
3.88837	-15.7241
-1.72227	-10.6607
3.56685	-9.57337
-0.192102	-22.9548
-4.08418	-19.506
-7.99079	-13.8369
-7.558	-10.1159
-0.538801	-15.1375
-2.09673	-16.1195
-3.32502	-11.3878
-3.46344	-13.1263
-1.50608	-18.3237
-3.67399	-12.4867
-2.67565	-22.4213
-10.3753	-20.0414
-13.4642	-25.3188
-14.0325	-26.4216
-13.6056	-8.94542
-22.5767	-16.1671
-13.0834	-7.76731
-9.08209	4.15429
-12.5719	-9.18462
-10.1231	-1.6059
-9.18701	-3.84064
-6.60987	5.84224
-2.80427	2.27159
-3.81195	3.23603
-1.2468	1.5319
-6.02904	-1.34321
-8.58632	-2.25058
-6.18494	-14.298
-9.06568	-3.25428
-3.3557	-5.25991
-2.39796	-3.77972
-8.93116	-14.6741
-10.4858	-9.96307
-10.1801	-3.55
-8.32119	-6.6375
-6.73092	-13.175
-0.0627753	-1.07325
-11.8588	-12.4929
-10.1882	-14.8937
-11.1206	-6.75369
0.745016	-8.86547
-7.36683	-17.1253
-2.00082	-13.312
-9.2958	-16.8417
-11.028	-14.2592
-7.91282	-21.0793
-8.88248	-17.5057
-5.57681	-15.0203
-8.82101	-10.9632
-7.8002	-12.7464
-3.29489	-16.7971
-3.45114	-9.93784
-4.78762	-18.4061
-4.11427	-9.72478
-7.04482	-12.5282
-5.59951	-15.8995
-2.36667	-14.4087
-0.399343	-12.2157
-1.55486	-13.9493
0.717534	-4.56804
-0.576376	-14.6966
4.93206	-15.6591
-1.38538	-12.0319
-1.30612	-14.3701
-1.51485	-10.8841
-4.15984	-14.4287
-11.7184	-12.2937
-14.9003	-9.17233
-15.1797	-11.6843
-15.4244	-6.73516
-8.63164	-11.9403
0.0238257	-22.2972
0.117352	-10.0312
4.52473	-19.8045
2.79231	-11.6038
3.30219	-12.7434
2.98149	-6.56801
-4.86364	-8.58457
-8.32366	-14.5182
-10.4097	-12.0559
-9.21769	-13.14
-10.4502	-10.1236
-9.21976	-14.4425
-1.10964	-10.291
-8.43612	-8.91672
-6.6021	-6.09831
-2.76902	-7.258
-1.87772	-4.17834
-2.05166	-2.51095
0.338719	2.08377
2.34093	1.17496
2.99002	5.90944
3.60185	4.7182
1.65365	4.64402
-13.083	-12.1345
-17.6419	-18.6916
-18.1979	-17.4682
-16.581	-16.6458
-23.7322	-11.4354
-14.8264	-8.69272
-13.4482	-8.16102
-11.822	-4.63262
-10.2463	-15.9074
-12.3411	-9.17802
-10.1961	-14.7438
-7.61103	-10.0157
-4.54243	-12.3063
-14.0071	-8.80254
-9.00464	-11.9495
-7.41627	-18.9863
-7.24788	-14.4461
-4.60136	-16.188
-7.71459	-16.5114
-17.53	-15.3253
-20.3771	-16.908
-17.9551	-15.7003
-18.0392	-14.3875
-9.96186	-9.65613
-17.5642	-4.70368
-9.13318	-3.95536
-16.2999	-11.0915
-11.6579	-4.0593
-19.8218	-17.2069
-15.2953	-5.98823
-12.5388	-10.3989
-10.6638	-7.73436
-23.072	-9.53533
-17.7917	-11.7422
-16.3939	-13.2423
-15.3143	-13.8401
-13.7826	-13.2192
-12.8909	-18.3462
-7.40918	-8.60898
-1.43326	-6.66618
0.402683	-4.89218
0.0341643	-7.20119
-3.74325	-7.06088
-2.4235	-3.95212
0.475504	-8.78966
3.72154	-3.04083
-0.102994	-11.988
5.18193	-6.35528
6.07053	0.943323
3.39288	-2.19049
-6.53232	-13.9454
-16.4626	-24.187
-19.4003	-17.0565
-16.6253	-14.5982
-13.3913	-13.5816
-12.0194	-10.4975
-11.2622	-17.0523
-11.315	-13.4419
-6.49747	-9.69111
-5.52054	-8.63958
-1.31456	-19.0296
1.78552	-12.7792
-0.3949	-18.1803
2.40958	-7.74457
1.74929	-12.9196
2.68728	-12.0289
2.34121	-8.57738
-0.59138	-17.5519
3.19475	-13.9239
-3.15742	-10.2109
0.107844	-9.90166
-9.4492	-5.4355
-6.72617	-8.95369
-8.30944	-11.9072
-13.3088	-11.6881
-15.4263	-16.803
-12.1234	-13.3684
-15.5945	-9.39471
-18.0731	-11.2956
-10.3239	-12.3137
-14.6916	-9.82842
-15.4779	-20.0999
-10.9261	-16.018
-12.1028	-19.986
-11.2425	-18.5021
-16.8263	-20.0944
-14.8588	-17.2326
-18.5248	-20.7125
-10.0873	-13.8219
-12.1403	-14.0295
-13.0731	-17.3454
-9.37607	-16.4754
-13.7197	-17.0119
-5.95094	-18.5116
-4.1835	-15.4799
-8.96983	-10.7984
-9.84804	-15.8213
-7.13357	-20.8497
-2.30414	-9.71971
-4.40922	-6.29734
2.42052	-6.19947
-3.9975	-8.79349
-4.74432	-6.20186
-4.2846	-11.3451
-0.0892186	-5.61547
-1.03371	-7.29056
-3.79037	3.5854
-10.4224	-20.1046
-8.41079	-15.7103
-6.85158	-14.3072
-11.255	-21.3586
-1.53375	-16.3691
-1.04622	-20.7041
-6.11913	-28.6932
-8.02287	-28.9652
-7.34486	-25.9067
-8.44078	-25.5756
-9.87348	-26.5529
-10.9445	-18.723
-6.36784	-20.4331
-11.6802	-23.2069
-12.1341	-25.9181
-12.6017	-20.7466
-13.4364	-20.1831
-7.77935	-16.765
-13.1369	-17.1394
-13.0997	-23.3606
-11.0319	-14.5875
-9.96807	-14.1735
-13.2348	-6.84577
-11.5154	-25.6808
-9.98361	-13.7629
-12.1446	-6.87494
-7.58282	-8.25732
-14.6266	-15.5425
-13.6313	-10.2632
-14.1413	-13.6778
-13.1497	-19.4308
-10.2454	-8.4828
-1.67286	-15.4467
-8.16211	-17.7835
-9.03512	-8.38721
-3.44168	-5.64052
-8.32786	-14.8854
-10.8237	-4.0144
-6.03615	-3.36468
-5.21637	-7.46609
-3.17702	-1.89051
1.67734	-9.58672
-4.78961	-3.49603
0.185689	-0.882364
-5.35179	-9.72179
-7.22122	-14.1263
-8.78842	-11.5954
-3.6183	-11.1549
-3.0092	-12.7096
-4.49494	-16.5741
-1.90891	-16.6197
1.67774	-15.2441
2.69167	-19.0282
-2.25147	-10.2532
3.10642	-13.8259
-1.28782	-21.9993
-0.938378	-17.1175
-1.6535	-17.3724
3.03525	-15.5543
-4.60992	-17.2212
-6.53144	-20.4172
-10.5269	-15.7591
-4.63949	-15.2667
-10.5033	-22.5327
-7.45032	-12.3194
-7.77936	-11.7411
-3.34095	-10.9109
-5.54952	-24.4886
-4.22493	-18.1669
-3.73483	-9.86883
-4.25763	-12.9831
-1.64736	-15.386
-5.40225	-10.6481
-8.08384	-20.3474
-6.65808	-24.2654
-17.0033	-17.6181
-13.9	-11.0098
-15.4781	-8.30749
-12.6895	-15.0561
-7.87233	-19.7229
-4.62111	-15.4154
-1.47922	-3.41453
9.13473	-5.47647
4.85741	-4.80949
8.33903	-0.932654
8.34372	-3.8611
-1.37933	-5.46073
-8.31797	-13.1785
-15.9614	-6.169
-10.0427	-7.33116
-9.31003	-7.82165
-4.90078	-16.338
-13.3007	-21.9337
-16.0805	-19.5869
-14.8139	-15.4427
-10.7341	-16.7698
-16.9063	-13.0681
-6.08054	-8.34511
-2.19152	-11.4885
-5.00323	-7.14266
-5.87607	-9.938
0.188149	-17.2946
0.20405	-12.4961
-8.37238	-2.73202
-8.7609	-10.4288
-8.80304	-8.46717
-9.63436	-12.004
-10.6383	-14.9911
-11.5995	-19.0013
-8.80175	-19.4328
-9.66433	-17.3595
-10.2251	-16.7261
-5.28572	-20.3977
-4.20468	-19.1746
-2.37634	-16.4981
-3.03346	-22.8875
-7.63295	-24.3767
-4.35044	-26.9387
-8.09982	-25.0432
-5.83008	-29.3761
-0.316385	-28.0319
-0.589502	-25.3573
6.76653	-19.5553
4.59123	-17.5888
-0.729513	-22.3198
-7.65832	-25.3761
4.92416	-16.3618
0.113578	-11.7697
-5.91012	-15.8665
4.44519	-18.6525
1.88134	-11.1671
2.3616	-14.2516
1.3017	-11.3746
-2.93943	-4.87439
-2.31182	-5.09154
0.643136	-10.3286
-4.09559	-7.87631
-7.64761	-11.1495
-7.19755	-8.9662
-10.9219	-10.029
-13.5339	-1.82206
-13.3363	-9.72409
-12.7526	-6.57348
-15.8862	-16.6419
-20.8117	-10.5423
-13.2966	-6.92215
-15.5209	-4.02496
-13.1463	-3.90613
-9.94159	-9.09159
-17.6924	-12.5556
-17.6688	-20.0784
-14.8204	-22.596
-12.5543	-19.9935
-16.2083	-18.323
-10.9371	-21.1191
-9.72171	-23.1109
-5.02685	-21.406
-5.59024	-16.1589
-17.2662	-11.1974
-22.4466	0.291336
-20.2224	-6.91802
-23.4997	-3.36344
-20.7086	-5.46936
-13.1774	-14.5561
-16.5595	-12.9404
-12.4558	-9.42385
-10.4845	-11.3492
-6.84939	-13.4521
-4.64748	-10.8021
-11.7664	-25.9486
-14.9395	-19.8799
-16.0258	-17.1975
-19.187	-14.051
-18.4622	-10.4274
-17.5569	-14.2178
-16.6249	-10.6615
-19.2653	-10.9882
-17.0487	-15.4868
-14.2703	-18.0678
-12.0124	-16.5794
-8.22979	-13.1213
-4.08983	-7.94239
-4.45889	-20.8421
-0.744244	-18.3699
-3.88319	-15.7552
-1.26789	-11.4557
-7.35935	-9.39426
-2.61199	-10.5943
-3.54802	-12.9608
-6.14141	-9.97444
-6.3434	-19.5858
-12.7591	-22.1045
-4.40088	-25.7167
-10.3751	-21.481
-11.5122	-24.298
-6.98457	-22.3157
-16.1647	-23.7632
-11.7792	-31.6059
-13.6072	-28.2002
-4.17368	-14.089
-0.708422	-16.8275
-11.3788	-14.8366
-0.825519	-15.4502
3.55918	-17.3094
-2.48413	-15.9878
-2.97171	-19.5157
-1.65064	-14.0211
-17.3172	-13.2098
-12.4258	-10.8317
-17.9994	-5.65431
-16.5248	-9.39285
-14.9691	-3.58252
-17.1648	-11.0879
-12.6439	-9.17975
-12.2401	-11.8721
-12.7415	-12.6545
-8.51269	-11.2435
-13.7117	-14.1534
-11.0488	-19.5458
-5.97624	-15.5116
-6.58813	-12.7253
-5.81549	-15.2252
-9.19016	-15.5742
-9.20878	-18.0478
-7.47996	-23.8274
-6.8051	-13.0752
-5.99989	-11.8169
-3.98375	-7.96594
-6.84479	-14.3955
3.30533	-6.0583
-0.180003	-6.70162
2.08113	-2.07773
0.0238811	-5.05858
-4.10937	-12.0789
-4.82573	-8.54682
-1.6776	-9.55782
3.99927	-0.574231
4.36664	-4.55495
1.32965	1.08883
-6.09441	-9.74849
-3.9787	-3.98299
-2.7029	0.787142
-8.55669	-6.74577
-2.29615	-8.67021
-6.66947	-7.33202
-2.7644	-13.0373
5.08242	-7.37378
-16.0017	-3.72108
-4.27939	-4.01686
-6.53268	-12.9284
-4.7956	-3.28084
-15.9432	-10.6194
-1.04567	-2.33038
-3.27472	-11.0208
-7.49951	-17.0246
-14.1876	-10.1566
-9.16847	-14.193
-5.80794	-5.22123
-8.65248	-5.78956
-9.34871	-11.9475
-13.8245	-13.4469
-13.0853	-7.43263
-14.4544	-13.9033
-16.764	-16.3604
-13.172	-7.24927
-18.4431	-8.94069
-12.8039	-13.3277
-9.85423	-12.0325
-9.36725	-10.1556
-15.8741	-11.3812
-7.74035	-3.2836
-12.6667	-5.95429
-8.6158	-7.48154
-3.40101	-11.6829
-4.09441	-10.9141
-5.7744	-10.5947
-5.85885	-10.4017
-4.26484	-5.15375
-0.130538	-5.74988
-6.27472	-0.668544
-4.96742	2.72928
-1.53417	-1.60702
-10.6953	-9.91436
-12.358	-10.1638
-15.7175	-15.5932
-11.0017	-4.49912
-9.16815	-3.13097
-9.44023	-8.81732
-8.06628	-11.2065
-19.6963	-7.65914
-16.3648	-14.2067
-20.3645	-8.34671
-9.94411	-7.00033
-5.55676	1.64557
-6.94856	-3.8657
-5.76222	-9.3137
-5.77359	-10.8825
-12.4237	-10.6485
-16.0114	-7.36019
-16.1636	-14.365
-15.1753	-17.9717
-14.9936	-19.2334
-20.572	-18.1886
-20.6548	-18.4689
-19.2762	-13.9225
-18.8517	-14.472
-22.363	-11.8914
-18.5782	-8.53471
-13.2415	-17.707
-7.62654	-15.078
-7.39744	-12.7116
-5.35394	-11.1135
-8.17204	-16.577
-13.3441	-25.162
-14.3349	-21.484
-12.3266	-21.8971
-14.4693	-18.2522
-12.8337	-15.7292
-1.51874	-10.4916
-11.3852	-13.4744
-11.5724	-14.566
-9.63336	-13.9764
-10.4209	-18.0699
-9.37493	-15.7761
-9.44971	-19.645
-7.99652	-17.7775
-10.1723	-18.3184
-2.69266	-14.7559
-0.549158	-22.3725
0.623564	-18.0808
-1.74782	-18.9706
-0.450427	-20.2653
-1.78111	-25.5559
-4.19698	-24.9474
-8.57666	-23.0733
-10.6201	-22.1247
-9.32012	-13.9023
-11.4667	-9.41146
-14.5063	-6.47797
-15.3836	-8.40316
-6.72283	-13.6571
-5.50757	-12.394
-2.44899	-9.29036
-2.98232	-11.3901
-1.46667	-4.83863
-1.69189	-6.17184
-6.27446	-2.48787
-0.149208	-2.77693
-1.79821	-1.87068
-2.62399	1.59203
-0.98576	-0.279895
-2.01782	-14.5096
-14.4588	-26.0454
-15.675	-19.3742
-20.3737	-16.9782
-19.6738	-13.9529
-21.7924	-7.73004
-17.4589	-8.67937
-11.0958	-12.6813
-9.76432	-13.6665
-10.7301	-13.5039
-6.28169	-16.6465
-5.15994	-18.5978
-4.85405	-14.027
-7.22247	-7.60613
-4.57818	-12.4159
-5.73789	-13.8999
-2.33562	-18.5527
-3.35626	-18.4919
-3.40274	-21.1947
-5.89659	-17.1557
-5.68885	-21.6146
-5.1558	-20.2497
-3.64405	-21.9831
-4.60697	-23.5658
-5.16274	-20.7031
-3.96742	-12.4647
3.32715	-12.9796
0.633146	-11.2854
-0.122739	-11.8801
-3.73098	-8.42235
-4.37214	-14.0943
-5.65847	-17.0277
-11.9508	-21.7713
-13.3327	-19.5209
-13.8167	-20.1093
-10.8211	-24.4729
-11.1518	-24.1187
-3.68089	-26.0443
-0.0610765	-17.8382
1.16665	-21.8599
4.50698	-22.3514
4.07489	-26.5564
4.40778	-32.1838
4.15066	-24.1989
2.24532	-19.6053
-2.7664	-12.1779
-6.68239	-15.1878
-7.87711	-18.8941
-6.23139	-16.822
-5.7817	-15.9828
-6.82016	-18.3465
-6.68551	-21.5512
-12.3383	-19.8842
-8.89789	-16.1106
-10.4976	-14.0566
-10.06	-17.8609
-14.5607	-14.5761
-13.8724	-4.78421
-16.2709	-16.6704
-11.7546	-18.0914
-11.8332	-11.6689
-11.8738	-11.8124
-8.27406	-8.91686
-12.4998	-12.7772
-12.3839	-4.52754
-6.46354	-9.9768
-9.63981	-9.70703
-6.62237	-7.92868
-9.0734	-18.9841
-3.24573	-12.1148
-0.563193	-11.9053
4.94712	-9.9116
-1.86901	-19.2456
-4.18367	-26.9688
-5.88505	-27.5472
-6.42097	-31.4276
-5.95404	-32.0643
2.21974	-15.5841
-2.07165	-21.7193
-0.516505	-16.4715
-1.84306	-14.5304
-4.04905	-13.5251
-0.837214	-10.1052
1.39886	-15.0051
1.13273	-6.67263
-0.489634	-8.0753
-2.85827	-11.5563
-5.26523	-7.00344
-8.71702	-9.93174
-13.4085	-4.68515
-10.3455	-4.49875
-10.766	-2.92548
-12.6453	-5.26282
-16.1333	-6.42631
-16.6598	-15.0299
-13.3983	-12.8611
-13.8842	-15.4148
-11.1073	-14.7732
-13.5811	-14.8909
-13.047	-15.0653
-13.7907	-14.0908
-14.963	-13.428
-14.1116	-11.1627
-5.35758	-3.99886
-12.3577	-4.2506
-12.8816	-5.2895
-5.64414	0.0442535
-7.54262	-4.91673
-12.3269	-13.9225
-4.47072	-2.45179
-5.79979	-5.44936
-21.284	-14.913
-17.7145	-20.2781
-5.07646	-21.6201
-10.194	-19.1208
-9.03058	-17.9553
-8.03016	-16.7477
-5.78981	-16.2387
-6.3409	-17.0095
-9.79565	-23.3974
-8.07427	-23.2453
-6.30075	-24.3152
-8.14185	-18.9773
-7.72088	-20.0837
-18.3931	-20.8533
-21.9339	-19.1405
-23.9427	-19.9969
-18.6156	-14.9158
-20.732	-10.048
-20.3685	-13.3582
-14.9106	-13.2231
-14.9141	-11.1103
-12.7392	-14.1821
-6.45501	-7.40129
-15.2303	-12.3233
-15.5943	-16.3158
-5.69713	-10.9724
-7.55987	-14.1623
-1.49146	-9.19718
-10.692	-15.9468
-16.1666	-15.2902
-14.5172	-10.6124
-23.7414	-13.5761
-19.5451	-21.7744
-20.5586	-15.9769
-14.5461	-12.6739
-23.1338	-17.4019
-19.2361	-15.8775
-16.1419	-16.0756
-15.9932	-17.4172
-5.01499	-8.59157
-8.18874	-4.6439
-8.39339	-5.21039
-3.8303	-13.5487
-4.74754	-10.9735
-7.66275	-6.53577
-6.85716	-6.49337
-3.73243	-8.71756
-0.175995	-6.90796
-3.88058	-8.62671
-2.7464	-1.97296
-9.08319	-11.2411
-6.93725	-4.33825
-10.7554	-2.51313
-5.3596	-4.04906
-6.07603	-11.7908
-9.25041	-10.4499
-9.33189	-3.51222
-7.30833	-8.7582
1.60531	-2.35838
-5.84366	-9.5304
-0.335143	-2.92996
3.75585	-4.58786
3.64155	2.23799
-0.092737	-2.78325
-1.3542	1.87778
0.16314	-1.21366
-0.922095	-3.71998
-21.2809	-7.80605
-21.5147	-6.07858
-20.3588	-2.54802
-20.8172	-5.30872
-18.5365	-4.07826
-19.1206	-5.18759
-14.2727	-9.13976
-9.66139	-0.810844
-9.4907	-3.82818
-6.49651	-0.181508
-5.3414	-7.77821
-2.36934	-7.19732
-1.67942	-9.38155
-3.7705	-2.83486
3.97198	-4.34089
4.73372	-9.55229
3.19064	-3.90153
-0.38133	-23.2902
-5.88142	-20.7663
-4.34467	-18.3469
-5.30009	-16.6809
-2.85953	-18.2196
-1.454	-20.605
-4.8556	-18.2784
-6.29952	-22.8013
-7.91944	-22.8461
-9.95545	-23.2477
-12.155	-23.8812
-10.5357	-23.0873
-10.965	-21.6148
-13.2704	-17.0139
-13.6473	-17.0045
-12.9507	-15.875
-9.93989	-15.9024
-7.11574	-23.8936
-10.0549	-21.6199
-6.50191	-20.7071
-4.25746	-26.6407
-3.20829	-25.8215
-5.87773	-25.9354
-3.07637	-22.4819
1.09411	-23.3553
-3.31936	-13.3678
-3.48037	-9.1483
-2.77523	-9.87797
-0.745279	-20.7454
-6.86894	-10.4851
-3.50852	-8.00783
0.212684	-8.57301
-1.89365	-9.18661
0.199469	-6.33629
5.14121	-11.5423
3.45235	-11.5608
2.44427	-13.3184
0.580113	-10.4844
0.964257	-10.7065
1.02437	-10.4049
-1.41227	-18.1434
-5.21373	-19.5294
-6.68452	-16.1209
-6.00243	-19.2523
-0.843716	-9.85091
-8.44425	-11.9096
-12.6569	-11.1745
-12.2755	-11.2311
-13.5605	-13.671
-13.027	-13.8324
-12.6174	-6.73149
-13.3989	-2.77716
-12.9513	-12.9781
-10.0821	-16.3719
-14.8611	-13.5038
-4.6053	-6.84848
-8.20466	-11.2966
-11.875	-15.905
-10.3151	-15.2647
-17.5708	-17.5681
-8.81378	-18.9676
-3.36073	-17.5887
1.12577	-10.2084
2.64139	-12.0304
1.96781	-13.0297
4.08027	-11.5528
5.20496	-10.4674
8.00555	0.861749
-5.28173	-4.11843
-10.6286	-4.18605
-12.526	-1.33422
-4.35839	-1.31649
-3.85941	-11.3327
-9.73417	-16.2265
-13.6674	-17.4608
-8.6654	-16.7766
-9.2094	-16.2008
-13.0515	-22.5719
-6.63827	-22.0558
-12.5913	-16.0815
-8.75265	-18.7351
-10.1662	-16.0233
-9.13568	-16.3844
-6.96843	-13.3735
-10.5486	-10.7877
-12.7689	-14.8266
-15.6562	-12.3852
-18.4554	-10.4983
-14.0712	-12.2433
-12.653	-15.8363
-13.4298	-13.5979
-8.84404	-13.455
-4.01088	-17.1473
-7.59917	-18.0509
-9.69089	-22.0955
-7.94921	-19.2419
-7.79184	-13.9551
-3.52332	-6.44671
-1.10535	-12.9361
-9.24409	-14.557
-11.7756	-20.0896
-16.0339	-21.6147
-15.5049	-20.9385
-12.0304	-25.2257
-12.484	-21.9773
-9.6671	-21.2037
-6.26695	-28.9028
-7.2615	-26.4667
-7.97494	-27.4516
-10.9077	-26.2822
-9.92303	-23.0251
-0.205525	-15.1773
2.35986	-14.8161
3.7848	-9.46717
2.724	-13.0159
-0.927059	-8.09006
0.284294	-9.20526
-2.16126	-10.5824
-4.45019	-11.522
-6.93638	-17.4123
-9.62422	-21.4427
-10.5719	-20.7329
-8.93112	-20.712
-0.683321	-18.0866
-2.16547	-15.7911
-2.83082	-20.3684
-1.61057	-17.1094
-4.34807	-16.4556
-2.11251	-15.206
-3.59062	-13.1397
-5.40563	-14.039
-5.94084	-12.4576
-5.41001	-13.6938
-0.909725	-12.3234
-10.1141	-14.1064
6.72209	-17.3643
1.57752	-18.1288
-7.74031	-17.4364
-9.38577	-20.2875
-10.5738	-17.0016
-11.5396	-13.7462
-14.8882	-14.5709
-15.4082	-15.9212
-15.0579	-17.679
-12.659	-17.0844
-15.3945	-16.8592
-16.587	-13.2606
-21.9854	-12.5106
-15.1393	-11.4864
-12.4652	-19.498
-12.8205	-19.4804
-12.4919	-15.3579
-19.0205	-18.7846
-21.9641	-13.5514
-17.5443	-16.4153
-15.478	-13.1755
-12.325	-9.97344
-11.6443	-10.4023
-14.0176	-24.6195
-2.89676	-11.2755
-7.82354	-14.0805
-8.32815	-1.82421
-11.7259	-7.56184
-5.72139	-7.04047
-11.5024	-11.9598
-14.613	-14.5261
-14.6835	-14.1105
-9.05744	-16.5312
-11.5075	-9.26138
-11.5874	-11.6574
-14.6217	-4.72636
-9.41843	-7.96614
-8.71703	-7.4839
-18.8545	-13.2487
-11.7788	-8.59065
-15.5128	-13.4847
-12.9543	-14.816
-19.522	-8.67026
-16.1599	-10.5119
-13.5169	-9.42825
-13.3002	-12.9918
-10.4486	-4.19527
-13.8554	-10.6251
-8.74181	-13.8417
-12.6299	-10.8099
-10.7103	-11.0526
-7.29732	0.575855
-7.84751	-10.3139
0.100257	-10.1808
-5.59569	-7.24259
-7.02118	-5.50392
-1.1397	-0.181116
-1.27593	-9.71534
-2.07582	-1.00893
-7.2442	-7.89738
-10.1623	-12.4653
1.01172	-6.548
-4.78819	-7.65054
-4.67558	-7.45622
-2.08689	-2.75339
-6.2697	-3.46992
-2.53051	-12.2687
-2.80804	-2.30259
-4.75055	-5.97575
-6.3802	-5.18348
-12.1079	-8.01455
-8.56866	-10.7822
-7.04883	-2.24997
-3.02544	-7.40785
-3.56706	-8.87518
-5.63004	-12.2742
-1.73512	-10.0493
-10.1782	-12.312
-10.4242	-8.65624
-8.67221	-11.8373
-8.94348	-13.6794
-8.07371	-10.5928
-13.4472	-14.1685
-11.1531	-13.8913
-10.4857	-12.7791
-10.3462	-9.71004
-10.4255	-18.1449
-8.1541	-13.0778
-10.2815	-13.6703
-4.04105	-11.9504
-10.6021	-17.3016
-11.3712	-9.46461
-9.5877	-10.514
-10.6875	-18.013
3.28691	-9.48941
-3.49523	-9.66978
-4.17525	-11.6786
-3.58139	-9.2966
-2.89246	-7.38742
-5.64628	-11.018
-5.96697	-7.40178
-2.4098	-9.48731
-0.506227	-15.6014
-1.70232	-7.88715
-5.83714	-8.23251
-3.95769	-9.79238
-5.01687	-15.0904
-12.6226	-10.9325
-11.3216	-17.0594
-8.36938	-9.03827
-7.34811	-10.1646
-7.212	-9.47884
-5.0128	-10.7243
-6.01312	-17.9301
-4.38105	-16.9972
-9.38465	-14.6984
-4.20456	-17.3578
3.16957	-13.6226
1.32496	-13.647
7.06395	-12.2843
4.707	-12.3694
6.78556	-10.6621
5.08191	-10.6874
3.10408	-10.1537
3.56302	-11.0028
1.83553	-16.2623
-0.555264	-22.9073
0.954683	-25.0644
0.0488193	-28.8586
-3.4945	-26.9713
-2.2289	-25.6641
-6.51783	-29.9334
-6.37055	-25.4605
-6.67474	-22.0671
-10.2579	-22.7516
-10.0488	-22.3972
-11.0436	-16.257
-12.4468	-14.8754
-7.41057	-17.5663
1.93174	-14.3469
0.883572	-13.3143
-5.80371	-13.8021
-7.0479	-16.8772
-11.8435	-10.4495
-12.5846	-3.57803
-14.1158	1.52798
-14.6858	1.52513
-13.0005	-1.60795
-2.59246	-8.53278
-0.459942	-11.5725
-4.03959	-11.3993
-6.11908	-7.40586
0.0651803	-11.2575
-0.0643658	-11.4504
3.81855	-4.76698
3.10018	-4.10243
-3.53658	-9.99784
-1.03098	-6.54352
-3.15132	-13.9269
-9.39664	-17.9234
-12.2281	-6.37461
-9.61703	-10.4502
-3.89991	-5.60599
-10.2833	-14.7726
-10.2549	-17.943
-10.4327	-16.7216
-13.1319	-16.8079
-12.8831	-16.6157
-12.4673	-18.3717
-11.5197	-20.2511
-12.9744	-19.2958
-11.6934	-20.0513
-13.3175	-22.3537
-11.1226	-21.0648
-10.5915	-17.7164
-3.51926	-15.2134
-3.821	-22.242
-13.4048	-22.3705
-10.7154	-29.9263
-9.46032	-29.2573
-13.9203	-28.5319
-10.4757	-27.9039
-11.5671	-22.9381
-11.8345	-23.0697
-11.9252	-24.1876
-13.8218	-24.5143
-20.3317	-26.053
-19.5728	-24.8685
-16.9522	-23.0453
-17.2553	-15.1292
-16.7554	-14.2835
-18.92	-13.6017
-18.9797	-13.5284
-17.8018	-12.2425
-17.1682	-9.36483
-15.2742	-13.9786
-15.0903	-14.6136
-17.654	-15.5902
-15.407	-16.4377
-12.3165	-7.84961
-9.52565	-10.5304
-16.6491	-8.15836
-20.0065	-9.56769
-20.7827	-9.44025
-17.4829	-15.5132
-17.5364	-14.2314
-16.4473	-15.7124
-17.8539	-16.502
-12.4579	-18.5641
-14.3288	-13.1539
-13.2836	-11.7863
-11.8205	-10.874
-10.4793	-13.2598
-12.8148	-12.2607
-13.3048	-20.3535
-17.1387	-15.298
-12.4671	-16.5629
-13.0493	-17.3092
-10.3671	-21.149
-8.41548	-13.114
-13.5437	-17.2278
-8.9496	-11.7919
-8.52309	-11.2202
-10.3987	-5.62645
-9.59222	-10.8374
-12.0913	-10.6487
-5.83707	-10.2238
-7.71051	-6.42166
-4.14469	-11.8311
-8.96466	-11.1603
-10.9256	-10.8535
-10.8708	-11.7736
-12.282	-7.24001
-4.96552	-13.1902
-2.3356	-10.9486
-0.345004	-9.25515
0.304577	-14.2375
4.38071	-13.4424
6.31249	-14.6603
1.18329	-17.1739
7.55851	-15.5049
6.09316	-11.5644
4.07661	-6.00838
-13.9016	-12.2769
-14.3882	-9.15081
-13.4953	-6.9534
-11.0713	-8.01511
-15.2754	-4.0347
-17.6267	-6.26756
-14.0198	-4.59595
-15.9622	-7.40839
-13.3818	-7.94056
-16.1889	-7.60972
-12.2354	-4.82512
-13.5151	-6.58983
-16.2829	-7.03589
-15.6162	-10.0733
-11.7629	-8.83597
-8.70921	-14.2582
-6.77492	-14.289
-0.30796	-15.5506
-3.08174	-19.9941
-3.30245	-17.1698
-3.99253	-17.4823
-5.30431	-18.2787
-5.69096	-22.0286
-7.06155	-22.2323
-8.87621	-23.4419
-4.70867	-19.9817
-6.39468	-19.2116
-5.99699	-22.1328
-3.14182	-24.9294
-5.5212	-29.454
-6.64291	-25.5798
-13.5507	-23.7427
-11.6095	-26.4333
-11.0899	-30.8917
-2.5028	-11.6786
-5.80711	-18.3788
-9.59451	-13.8346
3.57633	-24.0427
-2.90293	-17.6871
-0.926256	-10.0001
-5.85428	-17.4135
-4.24616	-7.42365
-4.60971	-13.1399
-4.84672	-8.66761
-2.31719	-13.2378
-1.13513	-9.25498
-2.46664	-17.9332
-11.1186	-13.4449
-6.59135	-5.7105
-9.07711	-17.7862
-8.22946	-6.13123
-1.76947	-13.8747
-2.14652	-18.598
-3.56121	-12.317
-6.18008	-6.56919
-4.53447	-4.01617
-3.57182	-12.1442
-10.3277	-11.4459
0.881497	-11.6797
-4.4601	-3.99613
-2.86819	-7.43251
-2.50037	-4.71513
-3.72364	-8.73979
-3.75108	-4.13471
-2.24391	-10.8698
-2.69481	-7.07214
-5.67071	-3.72219
-7.88235	-4.52455
-11.0841	-2.26674
-3.19754	-11.0955
-6.73136	-9.67167
-5.33571	-10.5751
-11.6217	-9.39899
-6.94956	-1.25685
-5.54254	-4.17701
-11.951	-8.85796
-11.0606	-9.95154
-2.3508	-2.946
-3.72153	-10.6425
-4.97513	-6.62357
-7.00991	-7.53672
-2.23244	-7.24315
1.38683	-4.38093
-0.318079	-1.54804
-1.56954	-1.12637
-0.670776	-1.26592
-5.93037	-3.68574
-0.744418	-2.69117
-9.12065	-6.34636
-16.0689	-13.2045
-17.0875	-15.7552
-17.5982	-15.2491
-13.2088	-19.7554
-9.77489	-21.5974
-8.87894	-15.4692
-1.10452	-14.2095
-3.36557	-9.96182
-1.16225	-9.2895
-3.79337	-10.5124
-2.56501	-9.16961
-5.72925	-10.2848
-5.86277	-5.36943
1.54281	-7.47694
1.68816	-5.49606
0.523306	-10.373
2.28926	-10.4973
-0.135352	-16.608
-5.82885	-22.0562
-5.20209	-22.9229
-2.50773	-22.4239
-5.94841	-15.2541
-9.62882	-6.20527
-8.73278	-15.449
-6.55967	-16.2854
-6.22254	-18.0119
-9.49276	-14.4671
-9.25635	-17.8184
-6.4193	-8.24635
-5.94588	-6.43271
-9.25601	-17.7242
-7.96221	-10.2544
-11.348	-14.995
-9.47667	-12.6435
-10.6306	-13.7898
-12.0716	-19.8977
-13.7105	-17.5844
-11.817	-20.1646
-11.5865	-18.3877
-9.6068	-18.187
-7.37086	-10.6264
-8.26158	-7.05301
-7.77351	-7.59952
-10.7299	-10.2479
-14.3379	-3.657
-4.4242	-10.1124
-10.3936	-7.79023
-7.56457	-1.67875
-7.38823	-10.2995
0.308626	-6.34134
-9.3174	-13.2427
-7.22962	-8.47228
-19.2331	-12.5934
-16.2444	-10.0697
-16.6431	-7.66456
-15.4956	-10.004
-15.5801	-10.123
-21.4222	-10.0153
-24.1487	-9.4676
-23.765	-13.6892
-24.0412	-13.33
-16.037	-15.1345
-14.3304	-14.1164
-13.502	-9.61751
-10.8388	-12.0724
-5.21473	-4.40396
-4.71291	-2.95525
1.59159	-8.44403
-2.89313	-7.43206
-2.5628	-7.49391
-10.3757	-9.60626
-12.307	-4.86245
-19.3604	-13.9636
-18.3549	-2.4678
-13.4078	-5.17296
-20.7359	-12.1793
-17.6991	-5.26018
-12.9201	-1.77581
-16.9435	-13.4185
-11.7718	-9.03902
-7.75045	-6.21541
-9.55881	-5.7205
4.60566	2.83549
-3.87737	-7.88932
-6.61084	-4.58073
-2.05321	-4.95071
-9.50883	-10.7567
-5.39266	-1.808
-4.98634	-8.75424
-4.50897	-8.94012
-3.41957	-5.12964
-3.17191	-5.64863
0.783813	-6.79667
-1.57244	1.40774
2.32724	0.28525
-8.40642	-3.22579
-7.01326	-6.54059
-5.13662	-6.63737
-6.4736	-14.7918
-4.38411	-5.25666
-5.27325	-10.2916
-4.67135	-13.3272
-2.47336	-12.6324
-15.8961	-12.8242
-9.93901	-8.16403
-3.74932	-4.33618
-1.96128	-4.39996
-8.6468	-3.23752
-4.05414	-5.39688
-0.669215	-9.70566
-2.68826	-6.88219
-4.49749	-5.4387
0.0642	-10.9511
-0.616242	-8.98482
-0.655979	-9.54304
-2.93294	-5.0974
-0.424017	-8.21211
8.41271	-4.76146
5.10966	-5.69295
0.78563	-5.50841
-2.13464	-7.66297
2.13918	3.34507
-5.20687	-5.87949
-1.87713	-0.718866
-4.99405	-2.55568
-6.10323	-5.04678
-3.29803	0.878409
-7.78966	-6.71687
-18.1289	-9.91031
-12.0115	-6.45197
-23.35	-19.9854
-25.4421	-18.6263
-27.2481	-16.7527
-26.8052	-19.2133
-24.3469	-19.718
-27.8263	-18.5259
-25.3342	-18.6858
-21.7967	-20.3308
-24.6431	-18.0966
-20.2331	-21.4031
-17.8144	-20.3538
-19.0136	-17.6423
-19.8969	-22.4988
-20.925	-21.2646
-18.4297	-25.0964
-19.9974	-15.5511
-19.5021	-18.7474
-21.3434	-20.7119
-20.0609	-24.0606
-19.4126	-19.0035
-24.8012	-22.2477
-24.2069	-19.2618
-13.7492	-20.1397
-16.64	-20.3879
-15.2023	-21.0506
-9.15591	-10.6862
-11.5579	-8.13682
-2.78023	-7.32361
6.92405	-4.15736
-0.365741	-3.82593
-1.01424	-1.23305
0.124679	-2.22911
3.19816	-5.67613
1.83582	-3.45556
-1.65254	-21.5599
-16.7263	-19.9603
-19.1569	-18.6193
-18.8347	-19.0539
-17.6198	-20.0598
-14.2637	-18.8223
-6.45087	-13.3837
0.296687	-10.9141
-0.987497	-9.41603
-2.13011	-10.9435
0.00520201	-12.4375
2.98371	-9.41277
-1.57427	-12.6062
-1.7377	-21.1731
-3.49986	-17.3987
-6.96937	-16.1523
-6.06007	-16.6994
-3.74393	-22.6067
-3.97631	-18.4832
-0.648142	-19.5732
1.19426	-15.8113
-3.30105	-14.3337
-6.20184	-12.3322
-3.51119	-11.7472
-8.59211	-16.1757
-9.65158	-17.8106
-9.09102	-19.2521
-8.96072	-18.8511
-8.66159	-14.7391
-9.62113	-9.75267
-8.29747	-8.80914
-10.5368	-6.5495
-10.8427	-9.09721
-11.8325	-9.84711
-14.5989	-11.9748
-12.0727	-12.8856
-11.9276	-10.4158
-15.7295	-11.1357
-7.50919	-7.58424
-7.07784	-3.96953
-6.18992	-12.4358
-3.57232	-5.77886
-8.30772	-11.1745
-8.85965	-3.37652
-3.75283	-4.82174
-11.6597	-9.52356
-11.7065	-20.287
-9.65482	-1.63045
-10.5263	0.619813
-12.053	-2.58848
-13.0726	-4.39873
-13.1682	-9.77458
-10.6745	-11.5053
-13.3807	-14.2663
-10.0761	-6.03114
-14.1959	-19.0217
-11.0009	-13.5505
-8.40492	-13.2062
-2.05301	-12.0625
-2.32395	-22.7722
-0.583123	-18.5915
2.26368	-12.1984
1.33369	-10.1601
1.86074	-15.3825
2.75033	-19.7033
-4.55213	-17.1142
-1.96873	-16.7513
-6.34106	-14.997
-16.3412	-17.5722
-11.392	-21.169
-12.2295	-17.1783
-11.5787	-18.4185
-15.9542	-13.0793
-16.9456	-19.203
-13.7412	-25.9075
-15.3739	-24.7093
-16.8276	-18.7088
-19.3719	-11.6158
-23.8519	-11.9392
-15.9675	-12.5519
-14.8784	-14.3502
-20.6774	-11.4162
-17.1836	-12.2098
-20.3964	-10.4653
-13.7097	-18.2805
-18.6188	-16.0492
-14.7598	-11.3156
-13.26	-7.49517
-12.3819	-9.34566
-11.9292	-13.9483
-9.50539	-5.33334
-10.0856	-9.61653
-7.56089	-15.2963
-12.4294	-13.5271
-13.3403	-10.1138
-7.14516	-10.8105
-13.7629	-8.04455
-13.0124	0.0236186
-10.5493	-5.95794
-16.5167	-14.1158
-10.3426	-2.16424
-12.1012	-1.39579
-8.78556	-6.46203
-11.0353	-5.08574
-10.9932	-10.5454
-7.56066	-5.1446
-8.37679	-8.36124
-12.4559	-12.7901
-12.1321	-9.63402
-12.1924	-14.9316
-10.1909	-9.17503
-10.6548	-8.58374
-11.6765	-7.2568
-9.18149	-12.0625
-3.62447	-9.30966
-1.66358	-6.88052
-5.43851	-13.3742
-6.45973	-17.5152
-0.427299	-12.5648
-9.3704	-16.2308
-8.68295	-8.51401
-5.76424	-9.29327
-7.94454	-8.26904
-0.149533	-8.757
-18.7073	-10.2414
-21.1941	-7.74104
-16.1811	-4.76703
-19.0268	-11.6625
-8.88564	-8.33801
-11.4013	-10.2049
-10.804	-4.12779
-10.1065	-0.37464
-7.87875	3.39443
-2.82408	-2.19139
-1.1461	1.94017
1.38874	-9.28571
-2.75618	-10.2434
0.0816607	-16.7526
-3.78612	-15.8944
-1.81578	-11.1267
-0.166359	-14.7342
-1.93329	-17.171
-4.38885	-15.9335
-0.000705183	-17.8623
3.85817	-13.3117
0.591911	-8.15439
-3.05547	-9.54777
-9.31769	-9.60625
-8.24831	-4.30465
-6.49255	-7.19787
-3.52312	-9.38255
-1.63652	-3.82372
-3.18104	-7.64185
-6.65771	-5.64482
-7.1661	-8.0381
-8.64528	-8.33537
-19.936	-3.7224
-16.6738	0.770257
-11.1881	-6.07076
-9.32574	-5.6075
-6.81194	-8.60211
-9.04998	-11.6617
-10.8547	-6.23019
-12.3489	-6.8331
-3.11594	0.25514
-1.37905	-7.65587
1.39185	-4.70337
-6.00514	-7.80092
-2.93938	-12.1516
-10.0818	-17.6091
-5.08826	-15.6584
-4.04293	-13.4236
-6.45869	-9.71986
-3.79866	-9.52465
-3.18804	-16.5043
-12.5388	-10.3888
-13.9138	-6.80764
-20.3659	-5.16406
-14.2821	-8.74557
-17.0198	-4.47371
-20.5096	-10.8095
-23.3484	-10.938
-18.197	-7.95728
-19.1481	-11.0207
-18.7364	-5.38305
-20.2949	-14.0077
-16.5271	-9.24558
-22.8859	-13.6846
-13.2991	-8.72732
-14.0345	-4.78711
-17.077	-2.1202
-16.2326	-15.5617
-10.3077	-5.29232
-9.7637	-11.9161
-15.7756	-15.3829
-11.4492	-19.8081
-15.4182	-15.9067
-17.9618	-20.4972
-11.0634	-20.6958
-13.5988	-18.802
-9.88276	-11.4511
-7.70804	-20.2077
-7.5294	-12.6909
-5.93874	-12.7349
-10.2698	-13.5352
-9.23049	-12.4969
-5.58057	-15.0568
-6.01215	-10.8786
-2.96777	-14.7901
-10.644	-9.46006
-4.96307	-7.44069
-6.73975	-6.40993
-9.29531	-9.68097
-2.5528	-4.77234
-4.46765	-1.98088
-12.0586	-10.2473
-9.06023	-9.43182
-4.42001	-10.7564
0.144464	-17.9216
-3.7639	-10.3821
-5.19572	-14.0977
-11.3081	-12.582
-11.5613	-14.0387
-8.90908	-17.8734
-15.8462	-11.2317
-12.4198	-14.1674
-10.2445	-15.0793
-3.614	-14.4433
-10.324	-4.12882
-13.8745	-6.86467
-16.8333	-9.40745
-12.4066	-8.73716
-15.5389	-15.8248
-13.6649	-10.4493
-15.3666	-8.44309
-13.8858	-5.96717
-9.62998	-6.23053
-11.9544	-13.1762
-14.7813	-11.0163
-14.2709	-10.3247
-9.72638	-7.69246
-14.8659	-19.2227
-19.2295	-15.3265
-20.4019	-12.5473
-18.5432	-14.447
-13.0258	-14.2035
-10.5441	-6.00804
-3.08481	-10.7751
0.427548	-7.20115
2.50397	-7.63504
-1.88791	-7.10541
4.14438	-9.90891
3.33741	-7.44755
2.89427	-9.39767
0.0735444	-2.72423
2.91469	-8.2209
4.92111	-11.1069
4.15489	-2.7406
6.24886	-4.36189
8.76115	-6.62206
8.2738	-10.54
0.429797	-3.49628
4.05462	-10.7052
2.20671	-7.50551
-2.15327	0.132222
0.00170847	-10.2103
-2.74531	-14.692
-5.19035	-14.026
-5.45198	-19.6743
-7.52451	-22.206
-6.26974	-23.0191
-5.83993	-27.018
-3.99477	-25.3258
-1.36562	-19.4548
1.41658	-15.4488
-1.88677	-7.5685
-2.55733	-11.1608
-3.93846	-9.13714
0.477182	-2.21284
-1.41719	-3.89095
-10.5963	-12.811
-8.46427	-18.5115
-6.42809	-21.1605
-9.42448	-19.2403
-12.6223	-19.5204
-14.7623	-17.4386
-14.98	-13.6714
-11.249	-14.1807
-13.6763	-20.2473
-14.6288	-19.3622
-18.1155	-15.8122
-19.4439	-11.5292
-17.1542	-8.90716
-17.0389	-10.7654
-16.966	-7.267
-14.752	-10.6763
-17.1563	-13.0455
-15.447	-12.4601
-15.3543	-17.6214
-5.63963	-6.86958
-10.7854	-14.1389
-11.9641	-9.62728
-12.1432	-12.054
-11.2081	-8.92919
-10.1785	-9.95141
-16.8382	-11.8916
-9.19507	-9.84715
-11.097	-11.1055
-10.7905	-15.2152
-0.466429	-13.2371
-3.39483	-10.2624
-3.71959	-8.83992
-10.0528	-11.5669
-6.09434	-6.03199
-7.37093	-8.58914
-3.55444	-8.92721
-5.9621	-7.11193
-4.90896	-3.38831
-6.21279	-6.70216
-0.854279	-2.3136
-6.52889	-7.72484
-17.6498	-7.04702
-24.0838	-15.6825
-21.8951	-15.43
-21.0843	-15.8342
-12.6731	-18.6
-12.607	-22.1687
-19.1113	-24.7348
-18.5721	-21.7435
-13.3089	-22.3284
-11.0628	-23.1755
-5.42766	-18.151
-6.1632	-22.5779
-6.61207	-21.6
-6.71799	-16.7415
-19.9428	-12.8751
-16.9758	-9.83242
-14.0154	-0.616632
-15.5235	-3.45397
-19.0908	-3.97455
-16.6258	-6.11743
-11.7775	-5.92257
-14.4504	-9.94019
-7.14481	-1.16868
-9.44024	-6.14152
-13.8243	-7.96887
-15.8428	-10.636
-11.2131	-7.24334
-11.3712	-4.56942
-15.8346	-7.20243
-12.1966	-10.5355
-12.1749	-2.73345
-10.4319	-8.3152
-14.9304	-14.1257
-16.3099	-20.6943
-18.2567	-14.3764
-15.7771	-10.9683
-18.8161	-10.1397
-6.88201	-10.5146
-13.0795	-13.4928
-13.0427	-13.7684
-3.46516	-2.77154
-5.96784	-9.75762
-9.82856	-7.75447
-8.23309	-10.7675
-15.8341	-12.2886
-8.62633	-7.6552
-5.46024	-4.54166
-9.27621	-14.0371
-2.75953	-11.644
-17.7934	-17.1477
-7.81388	-16.7401
-15.6239	-22.8962
-13.6012	-23.1302
-14.6101	-24.3178
-11.9575	-25.532
-11.0988	-21.3344
-6.82025	-11.4817
-1.18787	-11.183
4.76019	-9.4096
3.56878	-7.62083
3.4105	-8.96173
3.51134	-7.61901
-2.58026	-4.38561
-1.80032	-8.72908
0.642743	-9.99934
-0.752542	-15.875
1.36052	-12.5512
-1.92976	-19.0062
-0.885618	-23.5535
2.31459	-27.2366
0.0426986	-22.528
-4.30772	-21.814
-3.07428	-16.0386
-10.6579	-14.2783
-8.20307	-12.8042
-10.564	-15.1366
-8.76429	-14.6864
-8.6222	-12.4788
-6.57132	-15.149
-6.61245	-9.40714
-5.5273	-5.25734
-9.52514	-14.1164
-6.49418	-15.3004
-11.3518	-15.2499
-9.82778	-9.6435
-8.00826	-5.72638
-5.67931	0.60485
-11.1497	-12.6887
-9.80735	-11.7698
-13.9681	-18.7481
-9.69388	-11.3018
-5.14273	-11.7935
-8.2093	-7.84966
-8.99457	-14.1744
-5.37402	-12.1244
-4.80032	-11.9167
-8.11265	-21.0304
-3.94692	-25.9946
-0.568421	-26.6223
-5.36591	-19.9226
-2.99308	-20.3417
0.28685	-20.8262
3.39678	-22.2133
4.20444	-15.4793
1.03879	-18.8244
4.43057	-22.6633
-2.36249	-26.7365
-5.74915	-20.2629
-4.51568	-19.6935
-3.47229	-30.6062
-3.76484	-35.7574
-3.03714	-32.1898
-3.17694	-21.3872
-2.89173	-16.2788
-2.56926	-14.7442
-7.67186	-20.7521
-9.87545	-19.4139
-11.6614	-24.4184
-17.2106	-17.5789
-16.8358	-20.2366
-17.2707	-19.7449
-15.1558	-26.7536
-7.48383	-27.5588
-12.4389	-9.34239
-8.04032	-1.64079
-16.218	-3.52649
-27.1949	-12.0853
-22.1967	-7.34154
-23.5929	-13.5851
-9.80912	-10.8561
-16.8147	-5.49466
-16.5724	-6.70741
-3.70174	-1.33062
-12.4711	-9.11383
-12.9532	-11.2879
-10.2682	-13.2712
-9.36316	-13.0236
-12.1873	-11.3427
-14.7971	-11.6442
-13.5518	-17.5097
-5.60963	-13.234
-10.5686	-16.978
-10.3401	-12.0489
-13.4236	-7.90245
-2.5781	-5.17727
-6.00014	-9.25144
-4.21097	-5.09273
-4.95194	-11.8353
-1.97405	-21.3245
-1.41946	-25.4353
2.59707	-25.0393
5.97173	-13.7789
4.12647	-17.3112
9.5013	-13.4457
-4.82494	-14.2522
-13.1401	-10.758
-13.5429	-3.95826
-7.65424	-16.1695
-6.60432	-9.28062
-12.5292	-12.5419
-11.1905	-20.5197
-8.66976	-16.5166
-9.9821	-18.5842
1.1294	-11.9473
-6.35487	-14.3373
-0.62919	-18.8041
-2.59012	-12.1555
-4.00407	-19.0984
-7.13028	-25.1642
-9.44501	-21.8907
-17.2767	-29.3072
-14.6639	-25.86
-11.9662	-23.3525
-14.5362	-31.2875
-11.2232	-19.8526
-8.81443	-27.6741
-8.69987	-19.9993
-4.53336	-16.2155
-1.37961	-17.918
-5.82347	-16.3018
2.93118	-22.0711
1.13127	-10.8946
-1.34362	-6.78645
-7.13252	-12.5
-6.23743	-6.27444
-11.6452	-13.3838
-9.13322	-10.6697
-16.2713	-18.0647
-9.71735	-16.6123
-8.93091	-17.6225
-6.79221	-14.5971
-7.84911	-11.8127
-2.34545	-21.1129
-6.50331	-15.0996
-0.968711	-18.0273
-14.2998	-29.1081
-11.3684	-21.9247
-11.0176	-31.0056
-10.1639	-16.687
-10.4804	-26.6674
-3.16793	-16.1787
-4.61706	-20.4301
-8.63631	-11.9843
-9.50154	-12.797
-13.8803	-4.72059
-19.2031	-14.334
-9.94746	-16.9406
-15.8298	-13.4517
-12.7811	-14.33
-15.6262	-5.48538
-16.757	-13.1214
-12.9172	-2.74333
-11.5847	-10.5956
-15.1071	-8.12059
-13.3492	-8.35106
-17.6877	-8.76116
-15.0263	-6.71987
-11.8486	-4.58958
-7.77525	0.578611
-8.05262	2.88701
-17.1459	-1.76813
-10.0675	-6.28691
-4.97204	-1.69178
-5.21727	-2.39421
-2.80041	-3.55077
-6.07908	-10.0865
-5.50205	-9.14101
-7.31201	-7.73134
-4.30567	-8.87976
-11.8537	-9.4019
-6.02376	-17.9381
-8.98967	-17.028
-5.2548	-13.971
-11.2312	-14.074
-3.8255	-16.2003
-5.04783	-10.4806
-9.02088	-15.7616
-9.90609	-22.2935
-12.5955	-20.8276
-6.36241	-20.1407
-9.91196	-20.9699
-6.39039	-20.419
-10.2024	-15.305
-8.78224	-21.4775
-3.19481	-13.2724
-2.77614	-18.3433
-1.61854	-13.8025
-6.43068	-15.503
-0.899848	-10.1559
-3.34398	-10.3461
-2.03659	-0.916961
-4.55345	-11.4128
-7.16229	-1.73956
-3.36772	-5.23016
-1.91601	-10.7145
-5.75652	-5.05728
-2.29645	-14.1265
-5.96797	-4.74898
-2.69174	-6.98196
-4.43329	-9.24041
-3.41585	-4.3058
-4.71745	-8.96897
5.07675	-18.3156
-0.338057	-27.754
-1.3288	-26.2351
-5.22924	-18.1258
1.09773	-22.3315
2.61074	-15.8437
5.9816	-13.6059
2.11758	-12.689
1.23361	-21.7581
1.356	-12.204
-0.167666	-11.2031
-11.7992	-23.0496
-6.29014	-18.889
-7.51027	-17.7795
-6.17608	-22.3473
-10.3178	-18.5626
-12.5601	-17.8447
-9.36475	-14.3287
-8.88503	-13.5393
-13.0452	-14.5353
-12.474	-11.8524
-7.68102	-13.619
-4.75469	-5.49015
-12.1556	-1.66427
-11.9254	-1.83639
-15.6361	-1.23846
-16.6075	-0.604558
-20.5968	-5.83951
-18.4337	-6.43108
-15.8978	-2.96222
-17.766	-9.58304
-11.35	-9.77868
-9.4733	-3.9607
-11.9435	-5.3255
-12.6969	-7.21218
-6.55326	-8.61333
-12.3732	-13.3726
-17.9474	-12.9686
-19.7352	-13.2146
-15.5849	-11.6743
-18.5753	-17.1419
-19.5592	-17.0367
-18.3534	-11.7816
-19.6436	-9.88374
-16.3843	-10.7058
-18.736	-8.12993
-16.2918	-8.49228
-18.7164	-7.82272
-21.9826	-3.96899
-16.2001	-12.1042
-24.1064	-8.68674
-18.0791	-10.5369
-13.5371	-10.5036
-12.5818	-9.40299
-10.6214	-0.173593
-13.3202	-7.55915
-9.51853	-7.05065
-10.9245	-5.15491
-3.5174	-6.0679
-1.38424	-7.61763
0.176117	0.226356
-0.408397	-4.93071
-7.71359	-7.53315
-2.83224	-7.16654
-8.74067	-4.64217
-4.18835	-12.4353
-0.986248	-6.4929
-3.02921	-3.93176
-3.19869	-0.0581193
2.14188	-3.45559
-15.291	-15.0121
-14.9718	-30.1106
-9.3296	-32.321
-6.06738	-32.3804
-9.40385	-25.8331
-10.7743	-25.3774
-11.2524	-23.4174
-8.58857	-26.9209
-7.62054	-25.4675
-1.28436	-24.2222
-1.57125	-21.211
-9.03983	-24.8222
-7.98554	-24.8498
-10.2567	-22.7524
-14.9704	-20.3357
-20.9294	-18.4607
-18.6255	-20.067
-12.9771	-14.7145
-5.6771	-11.9611
-3.77337	-6.2277
-6.09935	-13.022
-2.82968	-15.0153
-4.85316	-11.0774
-0.00863226	-14.4587
0.390078	-9.67045
-5.65639	-6.80742
-12.8576	-17.695
-10.2946	-24.1427
-12.3382	-21.1783
-12.2189	-22.8243
-9.22036	-20.8866
-15.2178	-19.5245
-10.9774	-20.8738
-10.7931	-19.6369
-10.9209	-17.6513
-9.93218	-17.0358
-8.75624	-15.3673
-9.77073	-12.3124
-8.76659	-11.661
-4.38629	-16.2705
-5.24249	-13.7832
-2.73216	-14.2599
-1.88171	-13.0995
-0.534692	-14.0745
-1.86295	-19.6776
-4.35968	-19.3772
1.81959	-14.374
2.67987	-16.9217
0.366767	-8.27518
-4.50789	-6.12756
-8.78516	-12.5663
-8.03128	-2.4657
-4.08832	-8.07522
-0.120771	-5.60275
-3.84497	-9.7597
-1.1486	-7.15226
-12.6607	-15.3081
3.4937	-5.22073
5.25432	-21.8472
3.67506	-24.6817
-2.30556	-25.1
-1.98436	-21.6203
-2.35271	-23.2512
-3.72713	-28.8676
-5.53014	-11.1234
-9.50024	-13.5531
-1.5029	-11.1609
-5.42486	-8.98577
-10.8695	-13.8764
-11.5537	-13.3954
-10.4876	-8.55456
-13.4882	-10.2212
-5.61361	-1.10351
-12.0809	-5.39919
-7.9954	-2.65758
-11.6823	-10.3869
-6.34858	-7.20061
-3.05865	-12.8823
-15.7382	-23.4124
-8.77671	-15.5507
-13.5113	-26.178
-8.31678	-21.2172
-8.73339	-19.703
-6.11162	-13.149
-9.33544	-8.69735
-4.59602	-14.5047
4.3694	-2.42886
0.921484	-6.52425
5.28359	-6.28872
1.53657	-12.2988
4.25297	-12.7831
-4.72141	-11.7275
-2.37165	-6.65038
-2.4458	-5.22236
-0.734209	-4.69296
-3.35183	-10.9322
-2.73741	-6.26596
-6.34626	-6.6444
-4.47208	-5.41554
-8.42837	-8.7167
-8.73992	-9.92247
-4.85733	-1.86972
-10.8282	-3.59455
-9.89339	-9.31469
-6.99998	-5.33409
-6.71444	-11.8019
-9.96529	-5.71958
-10.4368	-9.76468
-3.5654	-9.94634
-0.750689	-6.35132
-4.82799	-14.0536
-4.8485	-10.6673
-3.17362	-5.98012
-6.85658	-5.59533
-8.84441	-9.2259
-2.26008	-12.0828
-6.065	0.120036
-3.47337	-7.54359
-3.33475	-0.392758
-6.62267	-4.31415
-9.66985	-8.56671
-9.10496	-3.12477
-8.0761	-10.0141
-10.5878	-1.03918
-2.5545	1.13595
-8.54613	-8.69444
3.46952	5.23982
-6.12414	-5.03394
-2.96754	0.469348
7.68714	-8.30904
0.866705	-12.2181
2.73332	-13.8823
-1.9029	-8.77301
-2.63216	-15.8859
-8.06088	-12.2971
-12.4735	-9.76955
-13.5501	-8.6542
-11.8083	-14.9607
-14.3328	-14.0689
-12.8198	-16.9992
-9.20985	-17.1478
-3.62189	-19.3302
-2.89684	-25.0602
-9.48644	-19.4147
-13.7481	-14.5915
-13.6743	-8.6163
-12.7183	-10.3466
-11.447	-9.8011
-8.29284	-11.1798
-7.28876	-8.24439
-4.75108	-10.3083
-5.54095	-11.8939
-1.93768	-8.77414
-1.40429	-2.69257
-1.03837	-12.1818
1.03011	-10.352
-3.55454	-3.15974
-4.42798	-4.84544
-1.43446	-4.82488
-6.3238	-9.68104
-8.32873	-8.97656
-5.66682	-10.1106
-3.98731	-12.1428
-12.0668	-11.7218
-15.6943	-18.6627
-11.7115	-26.1596
-15.8045	-16.4258
-8.13803	-12.3709
-17.8243	-10.3868
-19.7709	-8.2242
-13.5638	-6.71944
-19.5142	-13.3166
-10.2632	-13.6465
-11.7485	-13.4394
-14.9834	-7.42356
-8.38773	-9.98543
-12.1414	-10.6164
-14.6401	-7.75166
-14.0582	-7.86963
-5.58333	-10.437
-6.74344	-9.61159
-1.64444	-13.5139
-7.78968	-18.6653
-7.29425	-19.4245
-4.86819	-18.0613
-1.6675	-15.9638
-4.33261	-16.219
-1.6691	-14.7834
-10.3997	-5.8732
-6.34851	-13.9768
-4.02628	-12.449
-8.47628	-15.3089
-4.87238	-9.41073
-5.39342	-13.8911
-1.17383	-9.45926
0.103827	-8.45888
0.18546	-12.4324
-5.12249	-20.2312
-6.33642	-14.4921
1.87545	-7.8317
-4.82596	-8.08296
-12.2845	-14.7654
-13.9746	-21.9776
-11.8823	-8.14226
-6.75208	-11.502
-4.91445	-18.5464
-3.80535	-20.1803
-8.0535	-14.4016
-4.99929	-17.5989
-0.789346	-22.1961
-1.42265	-20.0164
-10.8097	-17.5739
-11.5023	-16.6943
-12.8235	-16.3315
-16.5564	-13.6908
-17.0847	-11.2586
-16.8055	-11.7512
-17.3925	-11.2064
-18.4974	-10.0975
-18.1676	-12.2337
-14.6504	-12.2664
-10.7962	-7.77773
-1.87861	-1.24076
-0.0169984	-2.04868
-13.3925	-9.01497
-17.9535	-7.66121
-16.4524	-6.98027
-15.9098	-6.4639
-19.0024	-2.12083
-15.0546	-10.3685
-8.78105	-8.20283
-3.47987	-9.85804
-0.544792	0.602196
-10.1811	-6.22984
-6.56635	-4.66289
-11.5271	-9.59176
-18.3714	-14.9987
-7.67353	-9.88695
-1.55728	-16.981
-4.76769	-15.3816
-4.64189	-20.1084
-7.55713	-19.3343
-15.5083	-15.9616
-15.9816	-19.975
-13.4276	-15.0707
-14.4332	-10.0942
-14.6637	-11.8438
-11.1604	-11.8608
-3.34294	-12.1797
-2.65317	-5.37692
-9.974	-2.7609
-11.9522	-9.5496
-11.4382	-20.7224
-13.0767	-6.85877
-5.30122	-3.2433
-15.3615	-10.3219
-10.9113	-4.9914
-14.144	-1.84051
-13.8691	-8.04926
-12.7527	-1.47033
-19.9409	-12.7162
-12.3342	-6.01355
-10.9401	-7.47193
-7.08754	-2.62853
-6.92943	-7.05517
-3.10371	1.24511
-11.5641	4.65809
-8.65564	-6.65068
-19.3123	-12.6308
-21.2954	-9.42534
-19.6442	-8.17327
-18.0541	-13.0273
-22.1153	-17.0156
-17.2556	-26.2877
-15.7588	-25.6833
-12.2459	-22.2209
-11.9283	-20.8775
-9.6368	-17.271
-7.34342	-16.3116
-5.80727	-7.97327
-5.72952	-13.6025
-2.3306	-7.43129
-4.4658	-11.107
-0.817742	-10.3129
-3.31239	-6.99717
-2.48249	-1.50239
-3.63969	-3.39459
-1.8191	-9.61212
1.29277	-16.6831
-12.5629	-15.679
-14.7032	-12.414
-16.4884	-8.26274
-14.8841	-13.0353
-13.0177	-15.8946
-13.6799	-17.6422
-12.4395	-18.5948
-10.8605	-16.162
-4.9164	-11.2771
-5.54304	-10.532
-7.57066	-14.5666
-11.5454	-11.2073
-5.60269	-4.3761
-12.791	-10.98
-15.7291	-8.74106
-12.7674	-6.47605
-15.4011	-2.59648
-10.2773	-4.50455
-8.30946	-6.35726
-10.4007	-0.0239607
-11.136	-8.58009
-18.9821	-13.7935
-21.7059	-10.3069
-20.2008	-12.386
-20.8343	-11.6032
-18.5641	-11.8112
-21.9082	-10.7623
-21.2419	-11.5827
-18.5264	-15.3717
-15.6871	-19.0046
-15.7564	-18.0672
-11.5575	-16.6776
-6.85854	-16.6333
-8.54798	-15.4889
-4.53409	-18.816
-0.653318	-20.7521
4.72704	-16.3627
1.92216	-14.5559
-1.86019	-12.6007
-10.5396	-4.09833
-7.49845	-5.90075
-10.3933	-1.04094
-13.5175	-8.78843
-14.7251	-11.5371
-4.98031	-6.12772
-14.5767	-5.01543
-7.59104	-7.89622
-12.4034	-1.99865
-21.186	-8.56855
-14.4731	-8.91522
-17.0373	-15.7179
-8.49084	-17.4743
-14.4381	-17.5441
-11.3589	-13.7746
-8.63927	-11.6507
-1.77748	-9.00752
0.571442	-10.5363
0.775793	-12.9691
-1.75945	-6.10296
0.947882	-12.3779
5.06303	-7.57298
6.15197	-13.8174
7.0485	-0.758923
-2.39397	-10.9343
-15.1669	-14.0052
-14.9784	-14.7508
-14.0411	-13.6465
-22.6781	-11.1822
-18.5339	-15.9025
-13.2969	-22.8387
-17.7204	-19.2304
-10.1625	-13.1117
-14.0793	-15.1694
-17.4979	-17.8227
-20.8884	-12.1541
-14.4945	-9.17965
-13.5573	-9.65224
-10.0111	-12.1951
-10.3451	-10.5118
-14.1671	-9.91896
-18.8889	-4.33604
-15.4433	-7.72567
-12.7392	-9.62076
-11.0284	-10.1852
-14.5191	-4.47636
-15.9154	-10.6419
-10.2357	-12.1891
-10.5422	-11.3184
-11.2506	-6.26974
-6.8221	-7.87685
-4.18199	-10.0614
5.91398	-6.5505
-3.58971	-7.79707
-22.5229	-11.3288
-19.7582	-8.33324
-21.3631	-10.3855
-24.8177	-12.6119
-25.5077	-13.7441
-20.0071	-15.617
-15.232	-13.2426
-20.5395	-17.0126
-19.8551	-22.3323
-12.1239	-14.9704
-17.5789	-17.8872
-5.23153	-3.74568
-12.2206	-12.0255
-10.7822	-10.7418
-1.42472	-12.09
-4.54168	-9.40264
-0.625172	-5.69069
-2.85097	-5.54312
2.23661	-7.6189
-3.91101	-5.28557
-11.6221	-8.60042
-3.94596	-2.78007
-9.88802	0.0835666
-8.25674	2.83211
-9.25741	-2.42435
-10.0894	-9.5232
-5.1422	3.34189
-3.77161	-12.4171
5.09338	-2.14462
-2.76705	-8.14685
-5.18588	-2.97678
-17.4716	-5.71142
-17.0706	-5.29829
-17.0421	-11.0375
-12.85	-11.105
-15.6184	-5.0084
-8.18096	-0.243909
-13.6099	-3.84364
-9.13158	3.04093
-10.7292	-9.89199
-11.7295	1.68571
-15.272	6.14515
-13.7572	-3.53775
-9.2476	-1.0169
-18.0041	1.09387
-13.3788	-8.27394
-14.2945	-8.44775
-9.85112	-5.89011
-10.5857	6.06287
-8.69798	-7.65056
-10.8741	-4.63321
-4.02132	-7.63603
-8.48316	-11.9597
-3.70796	-2.72772
-3.17412	-1.52478
-9.10789	-3.59773
-8.75112	-9.21729
-1.956	-7.29065
-4.2533	-6.82808
-2.99087	-11.682
-2.28031	-8.99706
2.42907	-10.166
2.18327	-12.8392
1.68712	-7.08547
-11.3971	-9.35217
-17.2108	-11.6236
-17.2176	-9.04718
-12.5393	-6.83362
-5.76755	-8.41192
-9.92433	-9.99785
-13.261	-17.2907
-12.6989	-13.8406
-18.6412	-14.1351
-13.0517	-10.0003
-9.24809	-8.92858
-12.6969	-14.2912
-12.788	-12.6188
-5.79984	-10.8685
-9.05971	-11.4373
-4.05727	-9.42578
-8.31369	-11.1511
-8.56092	-6.97294
-6.30931	-7.19145
-12.3452	-6.04984
-5.67674	-7.65602
-4.90575	-13.1763
0.680647	-9.46085
-5.76015	-7.52908
-0.89254	-9.5675
8.17515	-5.25747
-0.827505	-6.19934
-1.54672	-8.97237
0.964789	-9.2253
4.84314	-15.9808
-12.914	-18.5303
-6.93381	-13.4138
-3.24671	-15.6302
-7.11607	-15.1817
-10.1267	-17.1973
-12.4028	-22.6068
-16.5542	-22.1016
-17.2911	-19.0119
-13.9766	-18.9366
-12.7164	-17.4252
-14.198	-10.7481
-15.8547	-10.3109
-12.2709	-15.0442
-15.1046	-15.4217
-20.8327	-11.4813
-15.942	-4.60565
-15.5867	-1.35227
-13.9507	1.873
-15.7526	-3.9851
-16.6443	-8.96816
-12.4265	-5.85417
-19.3739	-9.75831
-11.6698	-3.03224
-16.3161	-3.53471
-19.5497	-6.13461
-17.6994	-3.20987
-17.5892	-8.65539
-4.95754	-5.06703
-2.95894	-14.9449
-8.91587	-16.3627
-11.0249	-17.0772
-9.38511	-19.2329
-6.96661	-20.3467
-8.78902	-14.9306
-11.4145	-16.3296
-9.49029	-13.3826
-12.0844	-13.5501
-14.825	-16.7566
-18.7907	-15.6696
-14.7004	-14.4535
-16.2083	-10.8241
-18.4461	-11.2586
-19.5951	-7.27177
-18.1158	-6.32682
-18.4127	-5.74264
-16.4926	-10.0425
-14.6613	-12.6618
-9.7855	-9.28698
-1.43245	-3.88433
-2.08957	-9.32393
-0.713261	-12.0231
0.678256	-10.2419
-1.66187	-15.6208
0.270366	-13.5191
-0.337754	-16.571
0.902658	-29.6722
-0.421033	-28.2943
-4.57657	-13.6392
-1.16388	-16.4626
-1.17369	-12.7132
-3.07033	-18.4033
-3.65122	-19.051
-4.85659	-16.6356
-4.25186	-18.9977
-7.14521	-18.408
-1.57555	-28.8294
-4.7901	-25.6505
-7.18292	-20.2253
-1.46873	-20.2219
-0.557005	-12.0431
8.7795	-11.0405
-5.32907	-14.8048
-1.99767	-21.4925
-1.8097	-13.4781
0.947292	-12.048
-8.03913	-11.2645
-9.22021	-2.77024
-8.8193	-10.3219
-5.04225	-20.3225
-9.24254	-14.9652
-10.522	-18.0174
-12.0732	-18.6138
-11.8352	-14.8408
-8.54484	-18.5808
-11.0897	-20.9412
-11.8223	-14.5792
-10.4311	-20.3991
-5.93331	-7.76639
-7.45949	-14.2802
-3.3959	-11.8253
-6.46378	-15.0724
-11.976	-15.256
-3.3977	-21.6133
-8.32505	-11.155
-10.9143	-17.9446
-7.34546	-14.3503
-1.60227	-14.2188
-13.1102	-20.8739
-5.11257	-16.1577
-10.1371	-11.7472
-7.41527	-10.374
1.54118	-14.2831
0.258254	-7.34638
-0.510554	-10.727
-1.62277	-12.4169
1.23245	-10.7005
-2.91671	-11.1329
-2.29532	-14.6797
-2.35427	-14.1864
-6.69237	-11.4599
-13.0748	-14.8341
-23.6928	-14.518
-17.793	-21.4181
-6.01439	-19.0254
-10.1075	-14.7252
-2.89677	-18.4228
-11.6374	-24.019
-11.4584	-20.6153
-9.32364	-17.0698
-5.64747	-15.1186
-4.79325	-14.4966
-7.17285	-13.6582
-6.54572	-10.7063
-16.4066	-17.7765
-20.6547	-25.4646
-23.7429	-21.8141
-23.6983	-18.8727
-19.2674	-19.2683
-14.4527	-17.6253
-15.9978	-19.9591
-13.6637	-23.623
-15.6277	-17.8906
-12.7642	-14.2741
-16.5152	-17.4095
-17.5664	-11.4238
-21.1976	-17.6465
-24.0858	-13.2298
-21.5454	-12.6464
-18.5488	-15.4208
-11.6808	-17.6481
-9.61305	-17.5861
-12.4092	-18.1415
-5.46839	-16.2131
-0.603052	-20.8388
-1.69249	-10.3319
-6.36622	-15.2991
0.675148	-5.17034
-1.42971	-10.6679
1.38713	-11.1062
0.26423	-13.4605
5.11392	-15.4376
4.96296	-17.0994
5.27525	-16.2004
-1.84165	-18.5225
-4.38231	-16.6714
-6.62821	-16.1365
-11.4482	-5.95921
-9.58858	-3.72666
-7.41284	-7.95949
-7.79542	-8.17454
-6.359	-11.9588
-6.12921	-10.6941
-6.89749	-9.39948
-10.5877	-11.1714
-15.2916	-9.34803
-5.48804	-5.9063
-7.72766	-8.8245
-14.662	-10.8898
-6.45207	-4.51742
-4.31598	-11.3672
-6.60537	-10.5119
-3.66905	-7.78122
-7.28967	-13.4421
-6.81072	-11.2786
-7.76846	-10.0185
-7.3357	-7.07565
-9.34274	-0.151555
-9.11531	-6.36816
-10.1174	-7.36849
-10.6638	-8.91716
-6.64425	-0.0604892
-3.87285	-8.5863
-4.5186	-7.4975
-4.67691	-11.3621
-8.18227	-9.38624
-8.0254	-8.42624
-15.7468	-13.2933
-14.4186	-18.9104
-14.6691	-16.2494
-16.8182	-10.8084
-9.22367	-11.3601
-11.1591	-16.3133
-6.12067	-8.97884
-12.453	-11.9187
-11.5384	-12.3317
-5.9404	-14.3212
-16.6325	-12.2174
-3.83344	-8.93528
-7.89705	-9.04934
-15.9027	-18.0896
-19.5841	-19.318
-23.6343	-13.2823
-20.9925	-14.291
-19.8822	-11.381
-18.8151	-11.5077
-16.405	-10.7178
-17.1928	-5.82326
-20.6895	-14.398
-20.0225	-12.5271
-19.0932	-13.0124
-12.7668	-10.5624
-9.78399	-8.52016
-13.4751	-15.1619
-14.88	-10.117
-12	-17.0167
-6.80705	-15.3048
-8.37722	-9.97415
-5.45867	-11.2859
-1.07374	-11.5325
0.584549	-5.03966
-9.53017	-13.1651
-1.09134	-13.6766
-5.05239	-15.7174
-6.44227	-25.6572
-7.51449	-18.5832
-3.87734	-9.23799
-11.4903	-19.0653
0.237231	-11.155
-3.49637	-17.3936
3.05902	-18.8447
4.58238	-8.10474
-3.20676	-12.6502
3.85335	-10.9781
-0.242472	-15.8317
2.05703	-12.767
4.83613	-6.4917
4.28147	-16.0195
4.00167	-11.5134
-2.91359	-15.2596
1.764	-15.0021
4.58432	-9.30907
1.79621	-11.1093
3.30668	-8.5224
5.38231	-11.6371
4.99275	-7.15677
1.94245	-13.5911
-6.38796	-8.95683
-2.22526	-7.10092
-7.42217	-3.98609
-10.0202	-9.41016
-5.38408	-4.56323
-6.99647	-8.50414
-4.83939	-11.0149
-5.05268	-6.5118
-8.45872	-3.39317
-5.85067	-12.0262
-2.56095	-12.8097
-5.89309	-20.1288
-4.14652	-16.0958
-5.77502	-11.5821
-11.6961	-14.5781
-8.02962	-12.2031
-10.447	-17.8326
-14.3746	-12.8172
-17.6608	-17.1475
-13.8114	-17.5453
-17.7629	-14.6051
-17.1499	-9.91479
-11.1528	-10.4299
-9.93049	-6.52659
-16.0484	-8.70745
-15.2336	-12.9427
-15.7193	-23.0859
-11.6574	-20.8536
-7.91525	-17.2474
-7.63584	-9.66513
-11.5323	-10.6599
-5.522	-5.6731
-14.3252	-18.804
-15.129	-19.1444
-15.2258	-18.5336
-5.67771	-23.466
-6.52495	-17.9345
-8.65514	-28.6953
-5.2177	-17.4939
-5.42658	-12.8013
-7.65062	-17.4219
-16.4283	-20.8919
-15.7206	-16.8539
-12.5326	-18.169
-15.4803	-17.4449
-10.1304	-24.1897
-12.9398	-26.3479
-16.7638	-22.4678
-16.2374	-22.8522
-16.3608	-18.6336
-14.6652	-21.8181
-17.8519	-14.4224
-17.8489	-9.7144
-15.3819	-11.5298
-15.311	-9.81534
-15.5781	-10.3417
-17.4012	-11.224
-15.8014	-16.3209
-8.86974	-11.7189
-0.334557	-8.24761
-11.0159	-14.7796
-8.50308	-10.3411
-7.04219	-17.7419
-9.18222	-13.9291
-4.87254	-7.94292
-12.2772	-13.7981
-3.77482	-5.24318
-4.0212	-7.04518
-12.6645	-14.7507
-16.9956	-19.8421
-14.2073	-22.046
-12.3643	-18.2853
-12.9665	-18.658
-11.5663	-16.2761
-9.89721	-13.1319
-9.14412	-16.9123
-8.0007	-14.6314
-8.75645	-15.3681
-9.41277	-11.2419
-5.34094	-18.8642
-9.34967	-15.0347
-7.03024	-20.4056
-7.05141	-18.8855
-6.1478	-21.6734
-9.10787	-11.2117
-9.16486	-18.2815
-9.19067	-15.5224
-7.93936	-8.63357
-7.1425	-11.6308
-7.53464	-11.6786
-7.11708	-10.4826
-9.15796	-10.8628
-5.0627	-20.1826
-5.75198	-5.85888
1.29761	-14.9106
-1.76584	-17.0942
1.52571	-12.6504
-14.9413	-26.1989
-13.323	-23.6178
-11.3772	-25.0954
-9.04033	-26.7185
-10.4291	-28.7951
-11.1542	-27.8076
-10.7708	-30.1428
-9.52188	-25.3093
-9.44635	-13.4873
-7.00538	-6.44015
-12.8816	-7.35169
-16.2805	-7.80722
-13.5745	-8.7173
-10.3133	-11.0492
-6.12517	-13.8678
-13.8748	-12.6396
-16.3171	-17.9827
-21.0574	-14.9726
-25.7865	-13.895
-21.7323	-10.409
-19.8452	-8.22454
-18.6674	-18.0292
-7.7669	-10.6532
-11.8543	-9.14566
-6.45303	-6.3987
-12.2852	-7.70093
-12.0043	-10.1805
-13.9715	-16.9722
-4.10816	-12.9704
-5.10262	-4.4865
-12.7409	-6.93494
-17.9978	-12.0778
-16.934	-12.9366
-15.0639	-16.2822
-5.32282	-20.2098
-7.0452	-15.1402
-15.5693	-16.5855
-11.2542	-13.2245
-4.99066	-5.62534
-5.1348	-15.0492
-10.3488	-10.5891
-7.02213	-12.9243
-10.6971	-18.3477
-12.0047	-15.8372
-13.6235	-10.6995
2.73094	-9.49239
-12.7662	-20.957
-10.0756	-25.755
-5.75829	-23.0919
-3.11092	-16.5401
1.40016	-21.1969
-0.0390115	-15.8613
-2.34356	-7.39589
-4.82179	-11.1039
-5.00703	-10.2396
-10.1825	-14.4852
-11.0195	-12.2951
-15.4551	-9.17124
-17.9317	-5.17239
-13.8543	-11.8177
-6.47511	-3.56426
-5.58688	-4.09074
-8.5542	-8.26088
-10.0831	-7.15779
-6.86705	-5.26874
-4.33178	-6.54286
-3.40674	-6.33824
-7.15023	-10.9202
-10.7247	-14.3344
-17.9322	-28.5942
-19.2379	-19.3031
-18.0242	-18.8779
-19.9008	-21.8178
-15.3309	-19.2457
-18.0594	-17.4969
-10.4966	-15.3576
-3.74472	-16.0843
-13.0065	-21.396
-11.5262	-17.7172
-5.19102	-13.7311
-8.54005	-18.2097
5.59642	-16.8967
-1.0087	-11.7793
1.13773	-16.7351
2.03711	-8.84786
0.262704	-11.6416
0.164818	-13.2671
0.86643	-12.0091
1.57614	-14.2346
-6.75988	-23.6499
-10.5593	-3.83103
-9.70662	-11.1232
-6.11292	-9.13302
-6.13899	-11.7892
-8.10262	-12.6214
-2.14662	-9.61855
-4.65667	-13.7875
-6.06457	-13.3295
-7.61166	-6.82568
-0.647574	-7.47526
-2.99152	-13.0893
-0.738324	-12.2822
-2.66015	-6.20518
-2.79543	-9.62091
-1.97988	-13.1545
-8.2535	-16.9107
0.392484	-19.7959
3.76167	-8.61539
7.4371	-8.36925
1.04578	-10.2549
2.08127	-8.93558
4.97551	-13.3598
-2.16266	-18.6728
-5.1005	-19.8897
4.57113	-11.382
-1.69977	-15.3114
-0.734139	-17.9881
5.56715	-10.4379
-1.71051	-15.5862
0.242138	-14.0798
2.54543	-11.3787
-0.615398	-11.3113
-2.36452	-17.9274
-4.31584	-3.34424
-8.07862	-12.5867
-3.85568	-10.11
-3.35869	-11.6432
-6.30045	-13.0803
-9.28859	-17.3023
-4.7693	-14.0932
-1.47289	-10.7527
-3.36099	-8.29366
-7.29333	-11.8417
-4.64947	-12.2823
-10.9297	-8.74839
-6.77118	-15.9843
-7.90176	-3.54985
-7.57341	-1.3381
-8.55673	-2.04335
-2.07865	3.66486
-4.06155	-0.639927
-1.13552	-2.24341
-0.218371	-3.15129
2.16415	-7.00078
0.458996	-7.57727
-13.4511	-14.2379
-12.4481	-24.5013
-16.2255	-24.7932
-11.6757	-25.994
-9.48931	-30.1563
-5.27882	-25.5844
-0.0264547	-25.9322
5.8352	-15.0259
7.08695	-12.6265
8.57464	-17.9893
5.81515	-11.1734
1.17642	-17.6049
2.77328	-17.3304
2.31242	-14.2929
1.11788	-10.162
10.2404	-6.15119
6.46746	-3.36251
0.997834	-5.77492
-0.229034	-11.6404
-5.73119	-7.93518
-10.7894	-9.47993
-5.83295	-15.5964
-9.83669	-7.72137
-11.1274	-18.747
-15.3865	-17.4074
-14.369	-21.022
-12.1389	-23.1178
-9.03287	-16.7242
-14.1762	-15.4223
-14.7569	-15.6279
-12.8249	-15.8903
-7.68615	-18.4909
-5.62272	-17.7882
2.29839	-9.31394
2.75477	-14.4745
2.53151	-16.5036
1.67844	-23.452
-1.63742	-22.0446
-0.110127	-22.8936
-3.5489	-22.3436
2.149	-17.5273
4.74216	-7.89771
6.58719	-0.632002
3.16137	-0.91372
3.38964	-1.54485
-0.895085	-9.44751
-1.99663	-7.86981
-9.78173	-16.9161
-9.65769	-23.9295
-14.2116	-18.3903
-9.75065	-19.6997
-10.4869	-15.2092
-8.24469	-14.4612
-0.423228	-17.0186
0.507962	-13.1674
0.00945485	-12.3943
1.66413	-15.3536
-1.75448	-12.8266
0.758849	-11.1642
0.458474	-15.8642
0.798367	-15.203
-1.1538	-13.859
-0.663027	-18.7692
-0.518284	-20.7864
2.03914	-25.72
3.50651	-17.9542
4.39955	-12.2507
3.46308	-11.6408
4.27926	-17.1387
6.44524	-17.164
2.08833	-16.2722
-4.82444	-16.7962
-4.10548	-14.4892
-5.26483	-13.9585
-6.74648	-13.7099
-7.71456	-9.09774
-3.60445	-8.99077
-4.00601	-2.22074
-11.2361	-3.56376
-12.2145	-0.690484
-12.4941	-6.02055
-9.87145	-9.48588
-9.97343	-10.016
-7.32703	-0.554171
-12.0287	-10.5836
-7.84078	-2.64137
-8.2817	-1.25047
-4.73229	-5.07905
-9.46338	-1.30943
-9.80859	-3.5954
-4.81229	-0.245168
-13.0514	-16.9575
-12.8565	-17.9778
-10.5397	-25.9621
-6.08795	-16.3399
-11.4842	-12.2946
-5.67264	-12.2896
-4.38375	-12.4845
-0.26756	-8.83091
4.40581	-6.28736
-6.53677	-10.5447
-5.45214	-12.4035
-5.72918	-9.29922
-3.21516	-13.6289
-6.64024	-19.1312
-11.2186	-24.9859
-11.7537	-23.9286
-7.28684	-20.0148
-0.802212	-8.56483
3.32884	-10.2563
-0.0466112	-8.59292
-5.60455	-19.3376
-5.79486	-21.7477
-5.74802	-22.7178
-1.17708	-28.2394
-1.41363	-19.6813
0.00106412	-12.2401
0.386029	-17.7721
0.209423	-18.1322
3.7522	-16.4641
2.4793	-15.7692
-0.132853	-15.416
-4.58162	-13.7758
-3.79084	-20.5588
-8.8372	-16.3188
-4.98655	-16.6041
-5.3929	-14.5694
1.60726	-11.9276
-7.44191	-3.40841
-11.4659	-0.804377
-8.43312	0.787113
-3.99382	-8.0429
0.0124832	-9.50776
6.34105	-2.84536
-2.32665	-6.34361
-1.11104	-8.51606
4.00139	-6.35997
2.29616	-11.4804
1.79706	-17.3018
1.79755	-11.2412
2.26195	-11.1678
3.56258	-8.90629
7.02243	-8.76876
2.28161	-11.2364
1.44074	-10.6791
-2.56843	-4.71571
-2.37562	-12.2457
-8.27286	-15.3756
-18.3596	-13.8973
-13.6399	-14.1715
-13.1669	-14.3803
-18.3378	-12.0789
-16.3524	-14.7956
-13.6954	-16.4948
-9.1242	-15.1992
-7.17326	-8.87061
-2.34102	-11.5311
-1.20333	-12.3965
-1.56063	-23.6374
-1.93906	-24.5373
2.29528	-23.9525
-3.42701	-20.1874
-0.071513	-15.9104
-2.55783	-15.5048
7.44062	-12.764
2.14024	-15.4203
1.03574	-8.56448
-6.60262	-9.60161
-2.29362	-11.6541
-8.48899	-15.1296
-0.795469	-17.3116
-9.30082	-16.3409
-11.4525	-28.9201
-10.084	-18.788
-14.2226	-15.3871
-18.3969	-14.7651
-11.959	-9.85616
-14.4417	-16.9023
-12.3261	-15.0149
-13.9726	-22.7691
-9.13044	-13.8713
-3.89254	-14.9557
-7.91115	-19.6198
-2.70876	-14.429
0.996616	-8.2433
-3.7297	-13.3633
-1.4367	-15.4358
-5.87436	-19.7552
-3.50683	-11.6262
-3.5256	-12.9856
-2.86695	-11.3284
-8.18546	-15.7527
-6.21388	-13.018
-6.29252	-17.3006
-4.76878	-18.6533
-8.27629	-10.3967
-8.54037	-7.16739
-5.80808	-8.54484
-6.28272	-15.124
-11.8606	-11.3333
-9.79203	-11.8671
-1.85918	-8.64156
-1.63754	-16.3268
-9.30748	-5.9395
-6.60009	-8.60409
-1.9123	-8.21461
-6.94498	-12.4257
0.666819	-3.39296
-1.42137	-11.6096
